B10K-DU-029-76_Aegotheles_bennettii
0	1.42351482258857
1473.7153761128	1.42351482258857
2967.76524180159	1.42351482258857
4483.21983335985	1.42351482258857
6017.93867820063	5.94291739183538
7575.13248520435	6.23515880219538
9153.73101807754	5.99550773535959
10753.7342768202	5.6118365974619
12375.1422614323	5.23704473569466
14019.0252082074	4.93845672863741
15686.4533534389	4.72994272071538
17376.3564608333	4.6059457152899
19089.8047666841	4.5545174246821
20826.7982709913	4.57270802225803
22587.336973755	4.65116149222926
24372.4911112685	4.78689821173324
26181.1904472385	4.96978746303724
28015.5754542518	5.19586634773406
29875.6461323085	5.45717927278067
31761.4024814085	5.7485267962819
33671.7742652585	6.06885115212153
35609.9721927387	6.41909092150127
37573.8557912623	6.79598341738663
39565.5655334162	7.19717473771617
41584.0311829069	7.627909018728
43630.322976028	8.078845142748
45705.5111490728	8.55743216693257
47808.5254657479	9.04956157702747
49941.5063986403	9.55557602966191
52102.313475163	10.0715424226573
54294.1574041964	10.5980268843575
56515.9679494471	11.1243176705717
58767.745110915	11.6566868874255
61050.5591248936	12.182232767924
63365.4802276765	12.6911076585065
65712.5084192635	13.191028782387
68090.5734633613	13.6806553092774
70502.8860688502	14.1570374125437
72947.3057631434	14.6190130392694
75425.9730188276	15.0832829755994
77938.8878359031	15.5485212893597
80486.0502143696	16.0168584108971
83067.4601542273	16.5022240770939
85685.2581280631	17.0096538505881
88339.4441358771	17.5465669923073
91030.0181776691	18.0970970105084
93758.0504897326	18.6674117245169
96522.4708357743	19.2529225151245
99325.419688381	19.8429921287118
102167.967283846	20.4344472669301
105047.973149583	21.0149969854716
107968.647994472	21.5828535106185
110929.991818512	22.1487583827904
113930.934385412	22.695504279956
116974.68640405	23.2555392950887
120059.10740184	23.8034174489421
123186.337851369	24.3559140182325
126356.377752637	24.9131034935314
129570.297341938	25.467656002597
132829.166855564	26.0255903836116
136131.916057223	26.5776996019298
139480.685419501	27.1162366381091
142875.474942398	27.6523005873125
146316.284625915	28.1623971232686
149805.254942638	28.6546159220494
153342.385892568	29.1280928930247
156927.677475703	29.5744403978364
160563.270164632	29.9936435383701
164248.093723061	30.4011367610539
167984.288623577	30.7939851373683
171771.854866179	31.1735294976013
175610.792450868	31.5425110947866
179503.24185023	31.9079022464225
183449.203064267	32.2747981076039
187449.74632927	32.6426623462157
191504.87164524	33.0156068418082
195615.649248472	33.3826814803614
199783.149375257	33.7667995616885
204008.44226189	34.1499343674709
208292.598144663	34.5439298985873
212634.546787285	34.9469238907487
217036.428662341	35.3565475437793
221499.314006124	35.7720559519635
226023.202818636	36.19911039874
230610.235572463	36.6506722435612
235260.412267605	37.102695929926
239973.732904061	37.5638074660216
244752.33795442	38.0472959698151
249597.297654974	38.5340620587574
254507.541769429	39.0240014460483
259487.351242961	39.5231776642132
264534.585602981	40.0208789690611
269651.385322077	40.5052613597133
274838.820636543	40.9752223757108
280096.891546377	41.4324306058565
285428.808760461	41.859053007318
290833.502042502	42.2650862147992
296312.041628792	42.6432301522868
301866.567991918	42.976441377007
307498.151368175	43.2800202523591
313206.791757562	43.5337798334491
318993.559396373	43.7520223100174
324860.594757193	43.919179152607
330807.897840025	44.0339840215015
336837.609117454	44.1008616566517
342950.798825773	44.1172495823958
349147.466964984	44.079825519242
355429.754007673	43.9888874294767
361797.659953839	43.8459847169882
368254.395512364	43.6459030417673
374799.960683247	43.4030190841256
381435.425702782	43.1131613720556
388161.860807261	42.774929482812
394981.406469274	42.3899473108548
401895.132925111	41.9673622983721
408903.040174775	41.501468467582
416008.338927145	41.0069851554257
423211.02918222	40.4757779914883
430513.251412589	39.9174562595016
437916.075854544	39.3332267067249
445420.572744379	38.7228509633293
453028.882554681	38.0958489243606
460742.075521744	37.4479895253539
468560.151645566	36.7904761482725
476487.391871323	36.1221467402001
484522.725962721	35.4394406518158
492669.36462864	34.7494046911895
500928.378105374	34.0529178470659
509300.836629216	33.3569673350575
517788.880672753	32.6564580000694
526392.510235986	31.9578705218276
535116.006264087	31.2619051117049
543959.368757057	30.5654927581528
552924.738187483	29.8787343826754
562013.184791659	29.1974436151508
571226.849042171	28.5228867952956
580566.801175313	27.8569261873989
590036.251899965	27.1995617914606
599635.201216128	26.5564250946911
609367.930068974	25.9210503154786
619233.368222211	25.2994115976625
629234.72638472	24.6900638241544
639374.145029086	24.0947351762147
649652.694391605	23.5145579105311
660073.585181155	22.9461948494976
670637.88763403	22.3930427631774
681347.742222818	21.8572022856888
692204.219183811	21.3341741865091
703210.529225891	20.8254035827268
714368.812821644	20.3324845725733
725681.210443658	19.8550893975338
737148.792328225	19.39263703115
748773.698947932	18.9441888922202
760560.211247954	18.5113539770903
772507.258991997	18.0930000290724
784620.193361528	17.688769493423
796899.014356548	17.2994668683151
809348.00292223	16.9245707197477
821967.159058574	16.5621293947457
834760.763710755	16.2128729009106
847730.957351358	15.8782016609878
860878.810216678	15.5556574861155
874208.603251889	15.2454787461229
887721.406693283	14.9481570787823
901420.431249742	14.6623069594625
915308.887630146	14.3883157391357
929387.846070788	14.1254385120862
943660.517280548	13.8734965009423
958130.111968308	13.6323854189039
972798.770606654	13.4011964809978
987669.703904466	13.1809427589973
1002745.05233433	12.9701195433568
1018028.02660513	12.768905611448
1033521.83742574	12.5762580952691
1049228.62526876	12.39293679865
1065152.67107935	12.2181372234179
1081295.04509381	12.0517699808868
1097660.02825731	11.8935967012277
1114249.76104244	11.7431108485541
1131068.52439437	11.600178339837
1148119.52902199	11.4648438694195
1165404.91539788	11.3367647806723
1182927.89423092	11.2150173905081
1200692.74646628	11.1002721140708
1218701.61257656	10.9921267022742
1236958.77350692	10.889955434317
1255467.43996625	10.7941605592856
1274230.82266342	10.7043249299794
1293253.20254362	10.6202101765693
1312536.72007942	10.5413544575116
1332086.7264523	10.468502678522
1351905.36213484	10.4004182961125
1371996.90807221	10.3379505027989
1392364.5749733	10.2800117362364
1413013.71401958	10.2272426153404
1433946.46568362	10.1791515023387
1455168.18114691	10.135634110431
1476682.07111831	10.096437171674
1498492.416543	10.0617543615538
1520602.42812987	10.0309599592692
1543017.45706037	10.004515806364
1565740.7140434	9.98227292169497
1588777.55026041	9.96326292783184
1612131.17642029	9.94864787769097
1635806.94370451	9.93735510704187
1659808.06282195	9.9295931894849
1684139.88495406	9.92522804199124
1708806.69104604	9.92422986833228
1733813.83227933	9.92643478925058
1759164.51936284	9.93164912926006
1784865.17371431	9.93982819401779
1810919.00604262	9.95073361369477
1837331.36752925	9.96435049017667
1864108.67959195	9.98035106494862
1891254.15293961	9.99885452292513
1918773.13875369	10.0197267810774
1946670.98821566	10.0425953865475
1974954.12274328	10.0675199317928
2003625.75304543	10.0943812318988
2032692.30053987	10.1227472415504
2062159.11640808	10.1529010249195
2092032.6220678	10.1841572687478
2122317.09846421	10.2168139353215
2153017.89677879	10.2505432661257
2184142.50866558	10.2852260762459
2215695.21506976	10.3207878751105
2247682.43740909	10.3568562098618
2280110.59710134	10.3934161823855
2312985.04532796	10.4302741171954
2346312.20350672	10.4673853199485
2380097.42281908	10.5045412170447
2414349.26515541	10.5413395593973
2449072.01146085	10.5781825960929
2484273.15338949	10.6142509308442
2519959.11235906	10.6503192655955
2556137.38002363	10.6851510568588
2592812.23732838	10.7195805990357
2629993.31639994	10.7532801336113
2667685.96841977	10.7855196529842
2705898.75527824	10.817371821385
2744635.95792051	10.8477192802402
2783908.27870951	10.8768003993788
2823719.99859043	10.9048237524011
2864080.74968989	10.9315509694783
2904998.02366197	10.9566244958668
2946478.24192441	10.9805955617961
2988528.89613127	11.003121510637
3031159.61840919	11.0240533612465
3074376.83017594	11.0437486683681
3118189.09332186	11.0618349791438
3162606.03997359	11.0782973954595
3207633.0213126	11.0937467400018
3253280.73970183	11.1072742277979
3299557.75703161	11.1196545607918
3346471.56495602	11.1305897766974
3394030.72536539	11.1505234536479
3442245.94062265	11.1505234536479
3491124.70238187	11.1505234536479
3540676.64276969	11.1505234536479
3590910.32367645	11.1656748359041
3641836.44746508	11.1656748359041
3693463.57602595	11.1656748359041
3745802.41172197	11.1656748359041
3798861.51644349	11.1656748359041
3852651.59255347	11.1656748359041
