NCBI-037_Anas_platyrhynchos
0	109.44149806043
552.297561105339	109.44149806043
1114.09490232459	109.44149806043
1685.39202365775	109.44149806043
2266.18892510482	26.3090896209369
2856.48560666581	12.017450616739
3457.26480421456	6.48122929904172
4067.87136050184	3.94910684672316
4688.96043277688	2.53045407376618
5320.20444241507	1.73075604042465
5962.25854666564	1.29304476551812
6615.12274552859	1.03244883179771
7279.12461762855	0.84114370834481
7954.2641629655	0.689451441567635
8640.86896016407	0.577255553292098
9338.93900922426	0.496549881964004
10048.8018887707	0.439359098487002
10770.4575988033	0.399691428552882
11504.5612965715	0.371414638878797
12250.7854034504	0.351322153848689
13009.7850766895	0.338327985780625
13781.5603162887	0.330801440237377
14566.4387008725	0.32749551559048
15364.4202304411	0.327701065309458
16175.832483619	0.330835698523874
17001.0030390308	0.336601368141209
17839.9318966766	0.344898725130624
18693.2742138055	0.356183404702521
19561.0299904177	0.370959003668395
20443.199226513	0.389605789008357
21340.1095007161	0.412524582674413
22252.4159702762	0.440051115874228
23180.1186351933	0.472558803930612
24123.2174954675	0.510314861478236
25082.367708348	0.553829736985896
26057.8968524593	0.603428884175307
27049.4773491769	0.65939322099574
28058.0919343746	0.72204134951161
29083.4130294278	0.791376695551567
30126.4233702104	0.867337594199917
31186.7953780977	0.949718495737683
32264.8566317143	1.03832755376048
33361.2622883096	1.13257209991194
34476.339926508	1.23202047978218
35610.0895463096	1.33585734615261
36762.8387263391	1.44439102360169
37935.2426238456	1.55565851231317
39127.3012388292	1.6698482328628
40339.3421499145	1.78610372808815
41572.0205143507	1.90418861581241
42825.3363321377	2.0228695977217
44099.944760525	2.14241731427936
45395.8457995124	2.26225622627223
46713.6946063491	2.38154700568116
48053.8187596599	2.50012521273097
49416.5458380693	2.61884730458406
50802.2034202019	2.73665812601634
52211.1190846823	2.85490745351579
53643.9479887599	2.97229004636687
55101.0177110591	3.09029614003219
56582.6558302047	3.20818918135207
58088.8623461966	3.32690099571921
59620.9475735333	3.44618149764219
61178.5839335902	3.56753805172685
62762.7541622411	3.69075483076826
64373.458259486	3.81565026584799
66011.3513825742	3.94348848773776
67676.7611101303	4.07590361670344
69370.3425994035	4.21381377482314
71092.4234290184	4.35677017854374
72843.6587562243	4.50779098290559
74624.3761596458	4.66686248459408
76434.9032179075	4.83419708498549
78276.2226668832	5.01123020628401
80148.6620851976	5.19870867913527
82052.5490514753	5.39623168158726
83988.5387229656	5.60273378092994
85956.958678293	5.82169904489999
87958.7916533314	6.05121586111092
89994.3652267054	6.29133561699246
92064.3345556642	6.54349030892018
94169.0272188326	6.80774845346705
96309.4259520842	7.08258555688399
98485.8583340438	7.37066006220313
100698.979521961	7.67121143546423
102949.444673084	7.984301341583
105237.581366038	8.31142001602202
107564.699915322	8.65265995615483
109930.800320935	9.008377448161
112336.865318751	9.3807102091179
114783.550066021	9.76586584671038
117271.509719992	10.1672599121021
119801.399437914	10.5792192330494
122373.874377036	11.0076191056862
124989.589694608	11.4482594640881
127649.528126503	11.8999686748571
130354.672408595	12.3597662670678
133105.022540885	12.8314514846928
135901.888837871	13.3130202179719
138745.926456801	13.8008136819074
141637.790554925	14.2962330404171
144578.463868118	14.8042560225287
147568.929132252	15.3197267561246
150609.513925953	15.8485753505974
153701.528563719	16.3813396672167
156845.955781424	16.9263581729157
160043.123157692	17.472332484808
163294.013428397	18.0242437577501
166599.936908039	18.5673061152902
169961.548753865	19.1054078729456
173380.159280375	19.6324202232622
176856.096066192	20.1441225453435
180390.669425817	20.6356261817066
183984.862095121	21.1125837496233
187639.65680998	21.5638818609543
191356.036306267	21.9959713510468
195135.310898481	22.4091776736225
198978.135743871	22.8039564638918
202885.49357831	23.1730552426034
206859.022294922	23.5261896598078
210899.70462958	23.8530137129829
215008.195739535	24.1607901588661
219186.133517908	24.4428763157057
223434.828279199	24.6967507736155
227754.607602032	24.9264251779443
232147.436958154	25.1243284473764
236614.626662065	25.2891930253115
241156.831871013	25.4252018485306
245775.690478122	25.5259486174591
250472.51279789	25.5949790647492
255248.28156619	25.6256299536775
260104.962254771	25.6236977863191
265043.210020882	25.5830332002479
270064.990336271	25.5095046399408
275171.28593681	25.4004947723094
280363.734715625	25.2569217194319
285643.646987212	25.078083186435
291012.660644695	24.8686588552542
296472.086002572	24.626452769725
302023.888532592	24.3559733203504
307669.050970628	24.057097177299
313409.538788427	23.7308589408229
319246.662300489	23.3850763519007
325182.386978561	23.0216575970901
331218.023137141	22.6380196015894
337355.536247977	22.2471017202083
343596.564204192	21.8426929256048
349943.072477534	21.4329329866507
356396.043803877	21.0199596204232
362958.426390842	20.6064997865274
369630.875395679	20.1924781167331
376416.339026008	19.7819884762766
383315.800017705	19.3772508021228
390331.878999766	18.9805535478097
397466.213865313	18.5891594762462
404720.770086096	18.2077277143959
412097.840712485	17.8366967683259
419599.063637604	17.4765291249038
427227.05949045	17.1280572604916
434983.466164147	16.7943130334442
442870.90428769	16.4703906571353
450891.011754204	16.1602161311974
459046.409192685	15.8651015480032
467339.389653505	15.5841150821602
475772.246187037	15.3169312799465
484347.599422277	15.0643312302944
493067.08725235	14.8266061286389
501933.657884875	14.6030947900508
510949.931948851	14.3927591884492
520118.20249465	14.1978672224001
529441.090151268	14.0168841206686
538921.215547702	13.8488506512326
548560.871734325	13.6957435172231
558363.334497383	13.5562951620398
568331.224465874	13.4295257986887
578467.162268793	13.3158362491219
588773.768535137	13.214575605896
599254.319051154	13.127758256257
609911.43444584	13.0505914659239
620748.39050544	12.9863126429708
631768.135437578	12.9348258641955
642973.617449873	12.8939248959475
654368.112328573	12.863589183255
665954.895859924	12.8439215009774
677736.916251546	12.8344388072752
689717.449289687	12.8350623080895
701900.098339217	12.8442401030418
714288.466765007	12.8625991187752
726885.502774678	12.8900331546015
739694.809733102	12.9249903101424
752720.318583773	12.9680598279256
765965.305112938	13.0173506505365
779433.700264092	13.0736027569635
793129.107402107	13.1359939483307
807055.785049101	13.2030100083748
821217.008991321	13.2753189736827
835617.037750888	13.3525268739595
850260.129849921	13.4329721823102
865149.888653291	13.5171653472036
880290.900261743	13.6045993459996
895687.095618772	13.6933728437976
911342.733246498	13.7835475055133
927262.726824291	13.8755481338992
943451.007295646	13.9670143330158
959912.160761306	14.0586038619638
976651.100900643	14.1492889721483
993672.086235776	14.2391244768277
1010980.3580247	14.3263118159609
1028580.17478953	14.410888673663
1046476.77778827	14.4924199696957
1064675.4082789	14.5700903568402
1083180.9799408	14.6434887356586
1101998.40645333	14.7121252126541
1121132.9290745	14.7753625836977
1140590.44421954	14.8326424387196
1160375.86556782	14.8837146922283
1180495.08953458	14.9287266548559
1200953.35737783	14.9665135448613
1221756.89309142	14.9974042417951
1242910.93793336	15.0205936759245
1264422.04347612	15.0365511857745
1286295.45097772	15.0446361413876
1308538.03958925	15.045434359463
1331155.37814735	15.0386751995373
1354154.34580313	15.0241565377201
1377541.16655046	15.0023203059073
1401322.0643832	14.9729952126665
1425504.2460311	14.9367739263539
1450093.93548802	14.8940093073205
1475098.66706234	14.8443313660721
1500524.66474791	14.7885211915409
1526379.46285311	14.7276647714088
1552670.26810767	14.6610906432605
1579404.61481996	14.5890900025311
1606589.38214111	14.5130229031946
1634233.08711534	14.4326050014731
1662342.28131516	14.348476927324
1690925.80936342	14.2613718080784
1719991.53314711	14.1710155774443
1749546.98697462	14.0792513312352
1779601.01546879	13.9852705738897
1810161.80809524	13.8897961552531
1841237.88189822	13.7936639775157
1872838.08150058	13.6969048731354
1904970.92394658	13.6003410409881
1937645.90901631	13.5040718301047
1970871.55375403	13.4089811042768
2004657.68551847	13.3146646157237
2039013.47651112	13.2225475091637
2073948.75409071	13.1327770952287
2109472.69045875	13.0451992116294
2145596.09570983	12.9608347553035
2182328.46962408	12.879752242824
2219680.29471749	12.8024861034601
2257661.7259274	12.7294885465937
2296283.90092707	12.5729487322773
2335556.97465385	12.5729487322773
2375492.73993824	12.5729487322773
2416101.67929622	12.5729487322773
2457395.25797964	12.3758368292632
2499385.268819	12.3758368292632
2542083.50464479	12.3758368292632
2585501.43070886	12.3758368292632
2629651.82257758	12.3758368292632
2674546.47308142	12.3758368292632
