NCBI-009_Anser_cygnoid
0	7700.6168304172
1621.00458265029	7700.6168304172
3264.47631128326	7700.6168304172
4932.66190049718	7700.6168304172
6624.4379929929	18.1850907218982
8340.92794606958	3.53266055973549
10082.1317597272	1.14538013264409
11849.1727912649	0.562083095078328
13640.9276833836	0.380337810774343
15458.5197933823	0.313324151959097
17301.9491212611	0.293951014927611
19172.3390243191	0.306026460426633
21069.6895025564	0.343867225009658
22995.123913272	0.402802786095909
24947.5188991668	0.477114136443618
26927.9978175399	0.561266945086534
28937.6840256906	0.650328568278634
30975.4541663195	0.74199948852479
33043.5549540251	0.835624402911883
35140.8630315082	0.932311369093006
37268.5017560679	1.03276930567417
39427.5944850034	1.13874370132395
41617.0178610155	1.2516047348607
43837.8952414033	1.37208515408725
46091.349983466	1.50124535826303
48377.3820872036	1.6404674408048
50695.991552616	1.79105009294036
53048.3017370025	1.95348777050418
55434.312640363	2.12837620341725
57855.1476199967	2.3154890143096
60310.8066759035	2.51390282180366
62802.4131653826	2.72275977481314
65328.8437311349	2.94140457042494
67892.3450877585	3.16728748457711
70492.9172352536	3.39983065924625
73130.5601736202	3.63676436343328
75806.3972601572	3.87545547088732
78521.551852164	4.11234151668068
81274.9005923413	4.34784546905727
84068.6901952874	4.57665341712163
86901.7973037032	4.80180954077015
89776.468632187	5.0182560929734
92692.7041807388	5.23006786639113
95651.6273066576	5.4379180358341
98652.1146526444	5.64248573341226
101696.412933297	5.84309778431487
104784.522148617	6.03823507724333
107917.565655901	6.2256517103954
111094.420097852	6.40351283561435
114318.455546366	6.56710622922494
117588.548644145	6.71463278686568
120905.822748488	6.84296492645125
124271.401216693	6.95663615268058
127685.284048761	7.05301333930277
131148.594601991	7.13655254612704
134661.332876383	7.21050050122293
138225.745586535	7.28171405598135
141840.709375148	7.34850729472582
145507.347599521	7.41781451373698
149227.906974253	7.48863488674753
153002.387499343	7.55732254664083
156830.789174792	7.62935820869025
160714.235357898	7.70131046855074
164653.849405961	7.77308400943491
168649.63131898	7.842701008005
172703.827811554	7.91168057555961
176816.438883684	7.98180394456256
180988.587892667	8.05145072962871
185221.398195804	8.12336128839472
189513.746435795	8.19627267342803
193869.002684537	8.2685108836506
198287.166942031	8.33866403914961
202769.362565575	8.40955589975068
207315.589555171	8.47795165198269
211928.094625414	8.54458404364848
216605.754419008	8.61055517510195
221351.939007849	8.6784505142003
226166.648391937	8.74597054344841
231051.005928572	8.81549222523114
236005.011617752	8.88584792890329
241030.912174078	8.95725807453565
246129.830954847	9.02851333038854
251301.767960059	9.10167492198868
256547.846547015	9.1727097577708
261870.313430312	9.24279738297849
267270.291967249	9.31436837568952
272746.658800527	9.38288327390573
278302.784002043	9.45344748305024
283939.790929097	9.52395211920265
289656.55622439	9.59563630059867
295456.449959819	9.66956042649772
301340.595492682	9.74802997169413
307308.992822981	9.82794118329941
313363.888665313	9.91357140214645
319506.406376977	10.0019836797246
325736.545957974	10.0929278094672
332057.677480201	10.1877203544994
338469.800943657	10.2841869006098
344974.039705643	10.3806236602241
351571.517123457	10.479062072373
358265.603268996	10.5718708367683
365055.174784962	10.6663178584464
371943.601743251	10.7566305144726
378930.884143864	10.8420045694536
386018.1453441	10.9234408496567
393208.755415857	10.9992951404999
400502.714359133	11.071861002179
407902.268888529	11.1381121266953
415408.542361342	11.200121654174
423022.658134872	11.2585925459219
430747.986281016	11.3123095129
438583.403442475	11.3628631539976
446532.279691147	11.4109326013244
454595.73838433	11.4546532202279
462774.902879325	11.4970811052028
471073.143248027	11.5360716285334
479490.459490438	11.5730366701325
488030.221678454	11.6085004723307
496692.429812076	11.6417243300258
505479.330605902	11.6719874100135
514393.17077453	11.7005347878286
523436.197032558	11.7279383641954
532609.532737286	11.7544781321768
541914.301246012	11.7788673151432
551353.872630635	11.8023212021337
560930.493605752	11.8254712668644
570644.164171363	11.8466018071629
580498.254399366	11.8684770098626
590495.011004359	11.8902151946806
600635.557343641	11.912024867089
610922.140131811	11.9345434581035
621358.129440765	11.9549055068038
631943.525270505	11.9765424175352
642682.821050225	11.9986559122034
653576.016779927	12.0186366937543
664626.482531508	12.0397195756591
675837.588376865	12.0591403710843
687209.334315997	12.0784718070213
698745.090420804	12.0955394692584
710448.226763182	12.110974831512
722318.74334313	12.1241821638609
734361.133589846	12.1364482429347
746577.644217928	12.1455986545215
758970.521941973	12.1530929369279
771542.013476581	12.1581506839573
784295.488893649	12.159699581752
797232.071550476	12.157858776296
810355.131518959	12.1540818485968
823668.038870995	12.1470403209304
837173.040321183	12.1382890483906
850872.382584122	12.1265412543482
864770.559089007	12.1122913946374
878868.693193138	12.0951403302113
893170.154968412	12.0756659190933
907677.191129428	12.0544698485035
922394.295105382	12.0311172355996
937323.713610872	12.0055306354919
952468.816717796	11.9779781266448
967831.851140752	11.9478282353422
983417.310308937	11.916814535654
999226.317579649	11.8840732191949
1015264.48973938	11.8503846921613
1031534.07350274	11.8134732662551
1048038.43894162	11.7755371848847
1064779.83277061	11.7366658075383
1081763.87177622	11.6946966346027
1098992.80267303	11.6518398240847
1116469.99553296	11.6079762300002
1134199.94378519	11.5614199366726
1152184.89414433	11.5131658130702
1170430.46339686	11.4638512902084
1188937.77490009	11.4122729936467
1207713.56879782	11.358567941267
1226758.96844733	11.3034688808721
1246080.71399244	11.2462430646592
1265679.92879043	11.1867653893448
1285562.2296278	11.1256196702516
1305730.98657645	11.0624544267261
1326191.81642288	10.9978653886894
1346946.96588167	10.9312687408189
1368002.05173934	10.8623130024611
1389360.44406778	10.7923087794424
1411027.75965347	10.7199812097316
1433007.36856833	10.6463966498876
1455303.76424154	10.570899796997
1477922.5634596	10.4939434058
1500867.13629441	10.4155513054933
1524143.09953247	10.3358128555652
1547754.94660296	10.2546089100313
1571707.1709351	10.1725232842143
1596004.26595806	10.0894964051221
1620652.97181566	10.0052840234871
1645656.65857978	9.91990996850607
1671022.06639423	9.83433336535192
1696752.56533089	9.74768444833994
1722854.89553357	9.66033852732037
1749333.55043146	9.57315345337948
1776194.14681105	9.48502712616338
1803442.30145884	9.39674590916781
1831083.63116133	9.30805363852674
1859123.75270501	9.21971880583828
1887568.28287638	9.13113376658299
1916423.96181924	9.04254872732771
1945695.28296277	8.95462494828475
1975388.98645078	8.86668925464337
2005511.81242706	8.77909908435619
2036068.2543208	8.69200932720265
2067066.1756331	8.60530679449779
2098511.19315046	8.51914041872183
2130410.04701667	8.43383785133135
2162768.35401822	8.34916080035794
2195595.10101351	8.26528202747869
2228893.65807444	8.18252322685095
2262674.1354167	8.10050313132528
2296941.02646948	8.01949577666533
2331703.31809118	7.93945946177665
2366966.62706829	7.86061460673
2402738.81690191	7.78302674181669
2439026.62773584	7.70640395937543
2475839.04642846	7.63097859407542
2513181.68976627	7.55719744335742
2551063.54460766	7.48458988058382
2589491.35109644	7.41311420466015
2628474.09609098	7.34324699952323
2668019.6430924	7.27462486992124
2708134.73224447	7.20756951001152
2748829.4737629	7.14197964570751
2790111.73114877	7.07761698504079
2831988.24454588	7.01511300172764
2874470.24752723	6.9538957950439
2917564.48023661	6.89426918724927
2961281.05288971	6.8362033918477
3005627.82898762	6.77964479314631
3050614.91874604	6.7245993484443
3096251.30902335	6.67128152051325
3142544.86332066	6.61933982869974
3189507.93856826	6.56897086387772
3237147.27490993	6.52039504611796
3285475.22927597	6.47320132177497
3334499.66516748	6.42765776931319
3384231.81615743	6.38371077303973
3434680.66910424	6.3413007599625
3485858.58093819	6.30040390088466
3537773.41516036	6.26115125638882
3590438.65205836	6.22333432100264
3643863.27849057	6.1872986180803
3698058.52802999	6.15258543558262
3753036.7576069	6.11957604065904
3808806.95407971	6.08802022674275
3865382.59773599	6.05797160952663
3922773.79879145	6.02940040251464
3980994.03753366	6.0023244776044
4040053.42417833	5.97681532238643
4099965.43901304	5.95279549197101
4160741.31561079	5.93011009657867
4222394.53425915	5.88154619341733
4284937.45188844	5.88154619341733
4348382.42542892	5.88154619341733
4412742.93516821	5.88154619341733
4478032.46139387	5.81070794850915
4544263.36103621	5.81070794850915
4611450.23774011	5.81070794850915
4679606.57179317	5.81070794850915
4748745.84348297	5.81070794850915
4818882.65645439	5.81070794850915
