OUT-0028_Apteryx_rowi
0	0.212880116763915
306.478575213092	0.212880116763915
617.987497861292	0.212880116763915
934.5267679446	0.212880116763915
1256.46900379154	0.0787217283807072
1583.62789623786	0.0734853732908712
1916.00344528355	0.0703435602369697
2253.96826925713	0.0789139137536852
2597.52236815862	0.101805327068401
2946.85205115226	0.143615394224532
3301.77100907381	0.207701324442797
3662.46555108751	0.282609055180056
4029.12198635764	0.345548372182728
4401.92662404846	0.386098557449337
4780.87946415997	0.410059524144104
5165.98050669216	0.425064838144446
5557.41606080931	0.435623892477195
5955.18612651141	0.443619546738483
6359.66332212698	0.450343249497453
6770.66133849177	0.455763434074485
7188.5527939343	0.459799326907024
7613.33768845458	0.464540827872235
8045.01602205259	0.473386925619745
8483.77410389261	0.490556414037535
8929.7982431389	0.51811226848192
9383.08843979145	0.5534938741767
9844.0173121788	0.592595705907822
10312.3985511367	0.630287249805352
10788.4184658294	0.665823903602969
11272.2633654211	0.701877693887295
11764.3058682404	0.742409310518834
12264.1733559588	0.792153755440522
12772.424756069	0.854161855394416
13288.8737594068	0.929675852066721
13814.079293465	1.01882572590293
14347.668739915	1.11979453596141
14890.2010262497	1.22821586770538
15441.4898433047	1.3373929428967
16002.0941185729	1.4416530435214
16571.6412337258	1.5311287969031
17150.690116256	1.60049007634484
17739.427075328	1.64532590258569
18337.6658017774	1.66301252749019
18945.7789139327	1.65514313994738
19563.766411794	1.62469614902254
20192.0009136898	1.57862550854952
20830.6687287843	1.52071550635565
21479.7698570775	1.45665371536298
22139.4906077338	1.3910878649296
22810.2035990816	1.32699172196205
23491.9088311209	1.26711808660949
24184.7926130161	1.21199430810793
24889.0412539313	1.16279113889854
25604.8410630308	1.12015383905002
26332.5646586431	1.08438136358701
27072.2120407683	1.05569375083509
27823.9695185707	1.03453943333121
28588.0234012144	1.02128607004975
29364.746307028	1.01540816861824
30154.3245451757	1.01690015844614
30956.7581156577	1.0250202225624
31772.4196368023	1.03783350919269
32601.4954177739	1.05536972815311
33444.358076901	1.07570052669163
34300.8213050193	1.09850466742151
35171.6303387858	1.12282308034139
36056.5988690364	1.14866319290527
36956.0995140995	1.17715676342071
37870.5048923037	1.20800576529482
38799.8150036489	1.2418693850726
39744.588775628	1.27959620937676
40704.8262082409	1.3212762960874
41680.8999198162	1.36695049620167
42672.9962195182	1.41608031930253
43681.301416511	1.46800472198147
44706.3744382876	1.52120664675326
45748.2152848478	1.57493499232929
46807.1965745203	1.62759471295702
47883.5046164692	1.67743664321283
48977.6983381875	1.72299757465317
50089.777739675	1.76366102859371
51220.1154392603	1.79820797414207
52369.0840552719	1.82607299636038
53537.0562060384	1.84723845504531
54724.0318915597	1.86222612884233
55930.756348493	1.87082062158464
57157.2295768382	1.87411748274138
58403.8241949237	1.87299129502436
59671.0991302426	1.86863416480511
60959.0543827946	1.86217320823238
62268.2488800727	1.85486273660519
63598.868931241	1.84667675383443
64951.4734637924	1.83923258803473
66326.4350960554	1.8326639333786
67723.9401371942	1.82719732721389
69144.3612055374	1.82268979105056
70588.2572285778	1.81846821186732
72055.8145154797	1.81552136948166
73547.4056845715	1.81255503002917
75063.7759725103	1.80927395221224
76604.9253792961	1.80552401635979
78171.4128324218	1.80140363623768
79763.79725938	1.79658878916394
81382.2649693351	1.79092999762625
83027.3748897798	1.78453031754926
84699.685948207	1.77738789206945
86399.3844537809	1.77029931563135
88127.0293339943	1.76272424095441
89883.1795163399	1.75508603291822
91668.0213099821	1.74695111389391
93482.2999515779	1.73915228716436
95326.5743686201	1.73065435132442
97201.030870273	1.72249343621101
99106.4146931935	1.71373089732131
101043.09845571	1.70457748866339
103011.641085316	1.69531452505855
105012.601509504	1.68519183364995
107046.352346602	1.67450001357645
109113.638833267	1.66308308830345
111215.019896992	1.6507943656139
113350.868156107	1.63762734648552
115521.742538102	1.623300716097
117728.388279637	1.60821834226112
119971.550617366	1.59210262388357
122251.415860456	1.57502597864113
124568.729245563	1.55708496343617
126924.236009343	1.53823594197627
129318.495079291	1.51863210550076
131752.251692062	1.49839507856935
134225.878465986	1.47766969653559
136740.306946883	1.45656922807341
139295.909753082	1.43496926332783
141893.804739569	1.41339529467136
144534.178215508	1.39170155831868
147218.148035885	1.37014708672903
149946.273128192	1.348887856437
152719.112419923	1.32788765860419
155537.783766062	1.30713442361783
158402.659784938	1.28704223203997
161314.672022373	1.26736876318294
164274.752024188	1.24846774954484
167283.272408712	1.23031783719534
170341.537340093	1.21289117318182
173449.919436662	1.19629545558771
176609.536553403	1.18063931092815
179820.947617809	1.16592923822543
183085.45679403	1.15216059532077
186403.436700395	1.13940301459569
189776.005191889	1.12776976472412
193204.280123497	1.11709558485394
196688.634113549	1.10744639363964
200230.557635358	1.09903201665751
203830.609616418	1.09166119696634
207489.907911713	1.0852884414102
211209.384067065	1.08009015202226
214990.155937459	1.07595955915086
218832.968759554	1.07286602454814
222739.126697498	1.07086246882405
226709.374987948	1.06992382432125
230745.017795055	1.0700686596748
234846.98666464	1.07135175235816
239016.585760852	1.07369047194527
243254.746629513	1.07717023415745
247562.400816444	1.08178546840418
251941.038794959	1.0874916099613
256391.778420045	1.09446320399846
260915.737546686	1.10263897401993
265514.034029868	1.11209783672476
270187.972033741	1.1228267940684
274938.855722454	1.13492054608971
279767.802950994	1.14849143303087
284676.11788351	1.163441041126
289665.290993316	1.17989285179832
294736.440135399	1.19788864447674
299891.242092235	1.21734114657643
305130.628409647	1.23841097679075
310456.089560948	1.26117148122822
315869.302328618	1.28548339512581
321371.570876805	1.31142563518258
326964.385678825	1.33901398473834
332649.23720799	1.36835242814948
338427.429628451	1.39919771629658
344300.639722687	1.43172346591754
350270.730582339	1.46571706614081
356338.820062394	1.5012862150498
362506.771254494	1.53824058413504
368776.074631954	1.57660895478088
375148.593286415	1.61634769069492
381626.004000356	1.65720704373545
388209.797247092	1.69933184925602
394902.022427429	1.74237208848556
401704.356323845	1.7863370457416
408618.47571882	1.83099275622227
415646.430013159	1.87637264347067
422789.895989342	1.92223995738967
430050.923048175	1.96856684502666
437431.3742813	2.01529295831767
444933.112780361	2.0620803481044
452558.374255328	2.10905806640061
460309.021797845	2.15597915035985
468187.291117882	2.20282688821057
476195.045307082	2.24937567103665
484334.520075416	2.29562271354284
492607.764823691	2.34166178733624
501017.201571043	2.38713358932824
509565.066027442	2.43203162049657
518253.407593695	2.47645243774359
527084.648288939	2.52015186351813
536061.210132308	2.56320231549696
545185.515142938	2.60561957701989
554459.7990308	2.64718082446608
563886.670124193	2.68777743132037
573468.550442253	2.72762757904482
583208.234622445	2.76651401460913
593107.958374738	2.80447851744219
603170.516336598	2.84138646493976
613398.516836323	2.87701967563974
623794.940820543	2.91151462900991
634362.396617556	2.94489732113937
645103.492555662	2.9768223754158
656021.395890654	3.00745133896433
667118.901259997	3.03651868030344
678398.803301152	3.06403646904593
689864.455579079	3.08966025701125
701518.65273124	3.11361936684251
713364.375704263	3.13570118766815
725405.16437227	3.15553248992328
737643.999681889	3.17333516879697
750084.048888912	3.18872113981625
762728.665558297	3.20179438733752
775581.389564163	3.21248435054752
788645.574471469	3.22062484016236
801924.57384517	3.22633748074175
815422.113868551	3.22928339469566
829141.54810657	3.22966312328284
843086.602742512	3.22752773024975
857261.190268827	3.22290042639023
871668.850559635	3.21569672441469
886313.496107385	3.20631120781838
901199.225713693	3.1945424069108
916329.579252678	3.18067906396729
931708.841835118	3.16475088880395
947341.298571793	3.14717289041461
963230.675645987	3.12785129719217
979381.444477642	3.10713241418068
995797.890177536	3.08512393946356
1012484.48416561	3.0621796055389
1029445.32524348	3.03827248788583
1046685.44375859	3.01387422983516
1064208.93851253	2.98880378719494
1082020.83985276	2.96362471803956
1100125.61919921	2.93846421751925
1118528.12059015	2.91327215031932
1137233.56068218	2.88845516954781
1156246.41089525	2.86412561544689
1175572.26050428	2.80665940363121
1195215.95354754	2.80665940363121
1215182.70668164	2.80665940363121
1235477.92287233	2.80665940363121
1256106.81877622	2.71337800849185
1277075.16997739	2.71337800849185
1298388.56575078	2.71337800849185
1320052.40906215	2.71337800849185
1342072.66180476	2.71337800849185
1364455.09956269	2.71337800849185
