OUT-0051_Asarcornis_scutulata
0	3340.33023913437
120.678712136323	3340.33023913437
243.425358140344	3340.33023913437
368.092228450083	3340.33023913437
494.827032627519	725.726110819016
623.629770672652	270.71911814561
754.500442585483	93.366255503487
887.586757927989	30.175132357687
1022.81486191918	9.9671136612746
1160.18475455906	3.65079340109658
1299.91800019059	1.55436065866035
1441.8668892518	0.768082137283287
1586.10527652367	0.430120047692183
1732.78087156819	0.264995624349497
1881.81981960436	0.176704637445764
2033.29597541317	0.127045796776269
2187.20933899462	0.0982827068908501
2343.63376512971	0.0813681578172856
2502.71696338041	0.071392537432695
2664.31122418474	0.0654310846114088
2828.56425710468	0.0617550087011635
2995.47606214023	0.0592120381496966
3165.19434885337	0.0572317870389221
3337.64526246311	0.0555382621826694
3512.90265775044	0.0540394658522149
3691.04038949635	0.0527169985018138
3872.05845770083	0.0517050234858547
4056.03071714488	0.0511407707496836
4243.03102260949	0.0511361708632474
4433.13322887565	0.051756388884392
4626.26348116236	0.0530704231096601
4822.64334381259	0.0550483742772165
5022.12510726437	0.0577002088076729
5224.93033586067	0.0610105937462421
5431.05902960147	0.0649887288657964
5640.51118848679	0.069717412122187
5853.43452207861	0.0752625752209991
6069.82903037691	0.0817445818573128
6289.76856816269	0.0893658270343198
6513.25313543596	0.0983317723461693
6740.43044175868	0.108922244217729
6971.30048713086	0.121506000211632
7205.93712633349	0.136440298174422
7444.48806892855	0.154125328226047
7686.87946013505	0.174955913952277
7933.18515473397	0.199454909111359
8183.5528622873	0.227820108820048
8438.05643757602	0.260492335528479
8696.69588060013	0.297505321737182
8959.54504614063	0.338848334377807
9226.6777889785	0.384250746798359
9498.16796389474	0.433424299448838
9774.16328045131	0.485514946747592
10054.5898838672	0.539894804196084
10339.6693384855	0.595892288374632
10629.401644306	0.652456325232569
10923.7868013289	0.708803400780266
11223.0463738971	0.76468512115017
11527.2542167915	0.819670630312759
11836.3364752312	0.873191842293164
12150.5147135592	0.925422786128222
12469.7889317755	0.976468492558225
12794.3806942229	1.02617639868304
13124.1422913396	1.07498579365732
13459.3691422495	1.12357976061684
13800.0612469526	1.17149907756572
14146.3663150109	1.21943449411713
14498.2843464243	1.26717364884726
14855.9630507549	1.31445051499055
15219.4762827837	1.36083960305166
15588.9717520726	1.4052522732407
15964.4494586216	1.44780582266178
16346.1309667737	1.48579091820399
16734.0162765288	1.51948968623543
17128.1792426681	1.54746926213122
17528.9152843154	1.56923899133817
17936.0766919088	1.58396092787716
18349.9588845721	1.592620980741
18770.5618623055	1.59493319032292
19198.1071894519	1.59236722033927
19632.5948660113	1.58695468729937
20074.1726015456	1.57898921728739
20522.9881056169	1.57047712743724
20979.189087787	1.56266882021183
21442.7755480561	1.55698412722445
21913.9690507671	1.55386847081168
22392.843450701	1.55384470473176
22879.5464574197	1.55712442376076
23374.2257804852	1.56341170187127
23876.9552746786	1.57292733361225
24387.9565043427	1.58569431841586
24907.2294694777	1.60102267331668
25435.0695892073	1.61869083711804
25971.4768635318	1.63923622988523
26516.6728567939	1.66162157722688
27070.8052785557	1.68616733789807
27634.0218383792	1.71251242081353
28206.3963910454	1.74056482824456
28788.0766461162	1.77026552831522
29379.3580227156	1.80129559556594
29980.2405208436	1.83346336806187
30590.9457048431	1.86694747472628
31211.6951390572	1.90124499464216
31842.5626782668	1.93651769048251
32483.6960320339	1.97293575804547
33135.3167647014	2.00997557692505
33797.6464406124	2.04823666565344
34470.7589145478	2.08713790524419
35154.8757508506	2.12753947446088
35850.1446590828	2.16879125602052
36556.8610583683	2.21156176675184
37275.0249487071	2.25545234983037
38005.0056040041	2.30134771674733
38746.8768790405	2.34833555669289
39500.860338159	2.39717178433804
40267.2514004838	2.44747537575634
41046.1239207957	2.49951619095204
41837.6994634377	2.55347209220066
42642.1995927529	2.60849286715926
43459.9197278651	2.66467971332943
44290.9337235554	2.72175817082048
45135.5369989477	2.78022962725395
45994.0249731659	2.83820506260006
46866.4715009911	2.89627939550454
47753.1720015473	2.95435449505676
48654.4218939582	3.01174957806417
49570.2950330051	3.06852060981173
50501.2345473737	3.12333592317618
51447.3881466261	3.17712469521763
52408.9773951053	3.22849546028912
53386.2977119351	3.27693839764399
54379.5706614586	3.32290046291427
55389.0916627998	3.36604739768562
56415.0822803015	3.40515869875696
57457.9117878687	3.44073498710209
58517.7278950635	3.47232700714576
59594.8998757907	3.50038554775871
60689.6492943934	3.52481324467803
61802.2715699954	3.54574349461038
62933.1359765017	3.56199642668487
64082.4640782554	3.575338397293
65250.5512943803	3.5850725236397
66437.7668987814	3.59186732255367
67644.4063105826	3.59575039335354
68870.691094127	3.59643807637575
70117.0643781004	3.59419639838585
71383.8215816269	3.58987403843132
72671.2581238303	3.58238848990419
73979.7432786157	3.57313428504234
75309.6463198878	3.5607835899612
76661.2626667709	3.54679533530878
78034.9615931697	3.53010618067059
79431.1123729892	3.51238665147069
80850.0842801343	3.49200148808103
82292.2465885101	3.47015739404337
83757.9685720214	3.44712959589612
85247.6933593542	3.4227018989768
86761.7163696324	3.39742628965774
88300.480731542	3.37122916975597
89864.4295737689	3.34507651542308
91453.9321702181	3.31845083943501
93069.4316495754	3.29236565010319
94711.297285746	3.2665265546957
96380.0460621965	3.24121184634193
98076.0472528321	3.21695127862979
99799.7439863386	3.19373105189997
101551.653246183	3.17167612973397
103332.14430627	3.15088694298567
105141.808004848	3.13182118035545
106981.013615822	3.11409091808721
108850.278122658	3.09795374982136
110750.118508824	3.0835752714696
112680.977903005	3.07053306012756
114643.373288668	3.05907167642409
116637.895504062	3.04958747724043
118664.987677872	3.04126704932512
120725.240648347	3.0346485793912
122819.097544171	3.02906125066672
124947.296913155	3.02519044623068
127110.208029204	3.02244968056246
129308.421730566	3.02057829343067
131542.676565051	3.0198737441582
133813.341806563	3.02012597126445
136121.156002913	3.02100608286924
138466.709992349	3.02255087806405
140850.594613118	3.02452959587935
143273.474558249	3.02679044006273
145735.94066599	3.02967916874465
148238.583774589	3.03271816038348
150782.216286638	3.03581158401181
153367.355185602	3.03917026775796
155994.812874073	3.0424216208206
158665.180190299	3.04573507235013
161379.19568209	3.0491389883129
164137.597897255	3.0524363402399
166941.051528823	3.0554960313677
169790.295124605	3.05865155346291
172686.14108719	3.06172044436358
175629.32796439	3.06455780764697
178620.668158795	3.06732233939511
181660.826363434	3.06989367591293
184750.688835678	3.07205255594698
187891.067978119	3.07428656745948
191082.776193348	3.0761702209551
194326.625883955	3.07758928592066
197623.503307312	3.07889258707758
200974.294720791	3.07976886544367
204379.812526983	3.08006785806202
207841.016838041	3.08001955925444
211358.793911337	3.07913408111547
214934.030004242	3.07800634229087
218567.759083691	3.07606749015802
222260.867407055	3.07345398801453
226014.315086487	3.07006387171107
229829.136088921	3.06588257494059
233706.29052651	3.06073453537076
237646.812366188	3.05492564544961
241651.735574889	3.04782035420119
245722.167974326	3.03997831447525
249859.069676654	3.03092727126433
254063.622358369	3.02088878576511
258336.859986403	3.00977239354435
262679.964237252	2.99759496085231
267094.042932633	2.98430512229045
271580.27774904	2.96990594444974
276139.850362969	2.95431616266979
280773.942450916	2.93767607348692
285483.735689377	2.92002937582227
290270.55946441	2.90134080387981
295135.59545251	2.88159502470478
300080.173039736	2.86099290000488
305105.547757364	2.83947079801775
310213.048991452	2.81696202039005
315404.079982838	2.79378395928589
320679.896262801	2.76988294936351
326041.974926958	2.74538625414765
331491.645361369	2.72030843994535
337030.458516434	2.69477217039491
342659.74377821	2.66884414384965
348381.052097099	2.64269532275546
354195.934423501	2.61632877370329
360105.793998256	2.58993922521894
366112.255626544	2.5635128776431
372216.870258767	2.53740315558362
378421.336554887	2.51138159801416
384727.131610524	2.48571653164351
391136.027940422	2.46050532073456
397649.650349763	2.43585376267534
404269.771353291	2.41191288707051
410998.089610967	2.38879845772872
417836.377637536	2.36648517527456
424786.407947742	2.34516393499514
431850.02691111	2.32491753484631
439029.154751944	2.30587093840957
446325.563984989	2.28818207511925
453741.248689332	2.25141518283488
461278.129089278	2.25141518283488
468938.199263914	2.25141518283488
476723.527147108	2.25141518283488
484636.032963165	2.2125446091537
492677.858500734	2.2125446091537
500851.145548464	2.2125446091537
509158.035895003	2.2125446091537
517600.671329	2.2125446091537
526181.341348666	2.2125446091537
