OUT-0024_Cercotrichas_coryphaeus
0	1.63667880969854
1700.59696328276	1.63667880969854
3418.38746203989	1.63667880969854
5156.49759363036	1.63667880969854
6913.36430937469	32.2175506004309
8688.98760927287	38.9052036555496
10483.3674933249	38.2384053326457
12298.0670102103	34.6137130072581
14131.5231112495	31.1857628485218
15985.2988451221	28.8531322236951
17859.394211828	27.345273212469
19753.8092113672	26.3068556754306
21670.1068924193	25.4355438483397
23605.1611576253	24.7058723313619
25562.098104344	24.0819700354203
27540.9177325756	23.5529922126543
29540.0569936406	23.1659181351721
31562.6419848978	22.8607284899159
33605.5466089884	22.6372915593004
35671.8969632713	22.4762887641408
37760.1299990671	22.3796519623556
39871.8087650552	22.3058462086978
42005.3702125561	22.2906986863825
44162.3773902493	22.2863520060659
46342.8302981348	22.3310920792232
48548.2919848921	22.3972143070689
50775.6363531623	22.5027200929344
53027.9895003043	22.6334717493252
55305.351426318	22.7969332727447
57607.7221312036	22.9992075779807
59935.101614961	23.2388018657325
62287.4898775902	23.5356054913881
64664.8869190912	23.8599380923818
67068.8557881435	24.2561006832531
69497.8334360676	24.6926566669651
71954.9459602225	25.1793092389719
74437.0672632491	25.7180780689156
76947.3234425066	26.2904787889854
79484.1514493154	26.9056438184321
82049.1143323549	27.5585678890125
84642.2120916252	28.2340156666879
87263.4447271263	28.9439295458631
89912.8122388582	29.6890998320504
92591.8776755003	30.4674629497459
95299.0779883733	31.289292870607
98035.9762261564	32.1376858378469
100802.57238885	33.0319165247888
103598.866476454	33.9715458728146
106426.421537647	34.9546420240059
109285.23757243	35.9790974969972
112173.751532124	37.0468002438451
115095.089514087	38.1668387779388
118046.12542096	39.3166454863216
121031.548398781	40.4830047045967
124048.232350193	41.6823811309329
127097.740323874	42.8900557651462
130180.072319824	44.1109460637562
133296.791386722	45.3221331669122
136446.33447589	46.5164165132815
139631.827684687	47.6847075894751
142850.144915752	48.8226597151764
146104.412266446	49.9149936504848
149394.629736768	50.967636686741
152720.797326718	51.9692172057431
156081.351987617	52.917539914402
159479.419816823	53.8169514930343
162915.000814337	54.6504603731297
166388.094980159	55.4482737875952
169897.13926561	56.1768915638902
173446.822816726	56.8522954357037
177032.456487472	57.4860326446848
180658.729423883	58.0817034714998
184324.078577282	58.6265752162313
188030.066996348	59.1409762928853
191775.131632401	59.5928115164979
195562.3985828	60.0328360632908
199390.304798866	60.4315891000073
203258.850280598	60.7811675715265
207169.598076676	61.1217014355182
211124.111235781	61.4260568694005
215120.826709231	61.6981414948721
219161.307545707	61.9603473014423
223245.553745209	62.1965608378368
227375.128356416	62.4055088340639
231548.468330648	62.6034803648451
235767.136716586	62.7784452240518
240032.696562908	62.9397114543821
244343.584820936	63.086664373771
248701.364539348	63.2289632718109
253107.598766824	63.3614272568113
257560.724454685	63.4679867833595
262063.867700289	63.5651065496244
266613.902406278	63.6417222784363
271213.954670011	63.7052979662986
275865.587540167	63.7578093769916
280565.674919387	63.7871384926628
285318.905953709	63.7961831001902
290122.154545775	63.7959635708813
294978.546792944	63.7670296079661
299888.082695215	63.7223334406706
304850.762252589	63.659021187979
309866.585465066	63.5616379865435
314937.115381324	63.4441459004112
320063.915050044	63.3126039385082
325245.421422546	63.1479569568206
330484.76059619	62.9537613301528
335778.806473615	62.7358565381219
341132.248200861	62.4857248435421
346543.522729248	62.2111814898107
352014.193107455	61.904279515945
357542.696286804	61.5759953873907
363132.158364652	61.2225971058964
368782.579341001	60.8248978098627
374495.522264529	60.4086263342946
380269.424086557	59.957800945503
386105.847855764	59.4736949134796
392006.356620831	58.9708849843365
397970.950381756	58.4306233550922
403999.629138541	57.8663452194524
410095.518988544	57.2769529308724
416257.056883085	56.6627099245232
422484.242822164	56.0182157794051
428780.202903141	55.3524272913222
435144.937126016	54.6612612151284
441580.008539467	53.9487568901079
448083.854094816	53.2186902203741
454658.036840742	52.4689976304232
461304.119825924	51.7012158254174
468022.103050363	50.9150813701863
474813.549562737	50.1222293181022
481678.459363048	49.3136589674998
488618.395499974	48.4910387411266
495634.921022195	47.6620521647949
502726.472881031	46.8227916168058
509894.614125162	45.981467493313
517142.470851947	45.1343038902029
524466.916964027	44.2853401467598
531872.641607441	43.4351909450484
539359.644782187	42.5866223543613
546926.363439588	41.7376586109182
554575.923677001	40.8933049829622
562309.888543107	40.0529028825668
570126.694989226	39.2160571569759
578027.906064037	38.3919002254403
586016.647864899	37.5712118569856
594091.357343133	36.7619390125946
602253.597547419	35.9624571753813
610506.494575115	35.1745664856788
618846.922328862	34.397081485219
627279.569954699	33.6339097957005
635802.874403946	32.8817145716279
644419.961773962	32.1442278112527
653130.832064748	31.4203957738921
661935.485276303	30.7127649995296
670835.484457307	30.0194914419702
679833.955705118	29.3424630532707
688929.335971058	28.6801431282686
698123.188303805	28.0349464893621
707418.638800719	27.4052925255268
716814.124413121	26.7927618477871
726311.208189689	26.1948079161594
735913.016227783	25.6139333647655
745617.985478723	25.0496991349874
755429.242039868	24.5016661682075
765346.785911218	23.9695710292549
775372.180141453	23.4528868477882
785506.987779252	22.9530186113846
795752.771873295	22.4686930500523
806109.532423581	21.9994271993117
816578.832478791	21.5450454357156
827160.672038923	21.1058111944348
837859.740250018	20.681373228575
848674.474063394	20.2712485736566
859606.436527732	19.8749103593381
870657.190691711	19.4920512445872
881828.29960401	19.1229785704362
893121.32631331	18.7667703137877
904536.27081961	18.4230313218858
916076.259220268	18.0917615947303
927742.854563966	17.7731367557684
939534.493802022	17.465356664667
951454.303031796	17.1693872503853
963505.408350647	16.8843064898259
975686.246709896	16.6098509478181
987999.944206901	16.3464157771179
1000448.06389034	16.0921130256687
1013030.60576022	15.8480403400149
1025750.69591389	15.6131878853357
1038609.89740004	15.3878190968017
1051608.21021866	15.1708363278683
1064747.19741843	14.9626347312916
1078029.98509672	14.7628191543155
1091456.57325352	14.570774914875
1105030.08798619	14.3862824836613
1118752.09234342	14.209605295845
1132621.02327651	14.0398213283288
1146641.56993152	13.8771940162832
1160815.29535711	13.7210208659197
1175143.76260198	13.5714335948238
1189626.97166611	13.4280809561011
1204268.04864688	13.2908751380281
1219068.55659295	13.1595087995723
1234030.058553	13.0340258465954
1249154.11757573	12.9135481618619
1264442.2967098	12.7983830864041
1279897.72205257	12.6883989026368
1295520.39360406	12.5833321753892
1311313.4374616	12.4826999401817
1327278.41667389	12.3870729732175
1343416.8942896	12.2959244041553
1359730.43335742	12.2085956450681
1376222.15997469	12.1253501311269
1392892.07414143	12.0464073916404
1409744.86500367	11.9711088386819
1426780.53256141	11.8996300956986
1444000.63986332	11.8314003864872
1461409.87605546	11.7669026755275
1479006.67808913	11.7058296217868
1496795.73511038	11.6477421666474
1514778.61016789	11.5926842159711
1532955.30326165	11.5408313932049
1551332.06658639	11.4914812045604
1569907.33709343	11.445160520379
1588685.80392879	11.4015180937663
1607667.46709249	11.3604661129989
1626855.45268189	11.3216094253206
1646252.88679433	11.2854309952111
1665861.33247851	11.251403952329
1685682.35278309	11.2196600142596
1705720.63685412	11.190199181003
1725974.62164293	11.1624506763559
1746450.55934422	11.1367657472126
1767148.449958	11.1124858056464
1788071.41958162	11.0898303809662
1809222.59431245	11.0689311907573
1830603.53719916	11.0491735529548
1852217.37433912	11.0304257499733
1874065.668781	11.0125121583657
1896153.10967085	10.995827930888
1918479.69700865	10.9792315151339
1941048.55689177	10.962986346274
1963864.37846626	10.9462582129346
1986927.1617321	10.9347987830091
2010241.59583534	10.917807214499
2033809.24382466	10.8984447294525
2057633.23179741	10.8566024431729
2081716.68585096	10.8441770842882
2106061.16903398	10.832059066436
2130671.37049252	10.8202922954781
2155548.85327525	10.8091841124469
2180696.74347953	10.7976368707979
2206119.7302514	10.7863530643196
2231817.81359086	10.7750692578412
2257795.68264395	10.763565922054
2284056.46350802	10.7516235276489
2310603.28228044	10.7189136606203
2337437.70200989	10.7189136606203
2364564.4118424	10.7189136606203
2391986.53787533	10.7189136606203
2419707.20620605	10.6327703598013
2447729.54293191	10.6327703598013
2476055.11110159	10.6327703598013
2504690.16290981	10.6327703598013
2533636.26140524	10.6327703598013
2562898.09573393	10.6327703598013
