OUT-0039_Certhia_familiaris
0	0.334562732218308
239.399608007127	0.334562732218308
482.786748041516	0.334562732218308
730.013733731787	0.334562732218308
981.375937820701	4.27324779835718
1236.72567393688	9.91440534742715
1496.2106284517	18.250685142391
1759.83080136516	29.2451557276764
2027.88156542002	43.7298682664454
2300.21523424491	62.5930659875399
2576.9794942112	86.9636184646832
2858.17434531889	116.601442462635
3143.94747393937	149.627763476865
3434.446566444	182.478541384291
3729.52393646142	209.563868763468
4029.47495673439	226.454283657643
4334.15194089151	229.60348872425
4643.99794804695	219.643954922103
4958.71760545792	199.428547275341
5278.45859949581	174.279697102462
5603.51630290339	148.457106831576
5933.89071568066	124.264144013458
6269.43415145622	102.98150074532
6610.58966934423	85.0771936673981
6957.2095829733	70.3457510946066
7309.44157871482	58.324947158373
7667.43334294016	48.7241031048036
8031.18487564932	41.0285775898633
8400.84386321369	34.8884749250517
8776.55799200464	30.0101814063634
9158.32726202217	26.0211993520358
9546.15167326629	22.6666448899296
9940.47428485113	19.7919799483545
10340.9997240339	17.2872913649779
10748.1710499288	15.1128386204564
11161.8405761645	13.2349812878357
11582.3036754836	11.6444397454391
12009.5603478862	10.3113393662717
12443.6105933723	9.21676123172133
12884.897471056	8.32186041383906
13333.2732945659	7.59399638288998
13788.8857502735	7.00218671208217
14251.8825245501	6.52248422268562
14722.4113037671	6.13383712180354
15200.4720879244	5.82094482392714
15686.3602497649	5.56620841864398
16180.22347566	5.35838445736437
16681.9140792381	5.18976869604512
17191.8751196136	5.04802787006242
17710.1065967863	4.92792510764833
18236.6085107563	4.8229538833714
18771.8239206378	4.73022240815099
19315.6051400593	4.64560161001622
19868.2475417636	4.56753049834395
20429.7511257507	4.49608100818596
21000.4112647633	4.42937203793877
21580.375645173	4.36809776085185
22169.7919533509	4.31104966805567
22768.6601892972	4.25786808429146
23377.2757257545	4.20978669569684
23995.638562723	4.16557541288676
24624.1917593166	4.125245026119
25262.9353155355	4.08827040951572
25911.8692313796	4.05594999076113
26571.4365659631	4.02584876835327
27241.7850056574	3.99886952719167
27922.9145504623	3.97468855954343
28614.9728867494	3.95242106427194
29318.4030736328	3.93382585339266
30033.2051111124	3.91738509731352
30759.5266855597	3.9027139435076
31497.8108560888	3.89100291708151
32247.9099363283	3.88184558499279
33010.1192990209	3.87521676997335
33784.8820032809	3.87179985501488
34572.0503627368	3.87106971423954
35372.0674365027	3.87371692414421
36184.9332245787	3.87957603410985
37011.090786079	3.88934121738591
37850.5401210034	3.90214925335131
38703.7242884662	3.91872668602879
39570.6432884673	3.93913106345977
40451.7401801209	3.96322211229331
41347.014963427	3.99069410855944
42256.7630111284	4.02122334452527
43181.4273823391	4.05562268627564
44121.0080770593	4.09282749504454
45075.8004680316	4.13345281552451
46046.0999279987	4.17674692642468
47032.0541433322	4.22318100233406
48033.9584867748	4.27159688891935
49052.2560174405	4.32296930613187
50086.9467353294	4.3766796125265
51138.4736995557	4.43204442511155
52207.132282862	4.48913208218619
53293.0701716198	4.5487518530827
54396.4350522004	4.60909816800194
55517.9653564608	4.6703041067897
56657.5133980296	4.73344150171713
57815.5222360209	4.79687023360418
58992.2872431775	4.86136000750466
60188.2514786134	4.92555484769292
61403.5626287002	4.98996908978905
62638.5160661805	5.05416752672991
63893.5548501685	5.11800988516457
65168.974353407	5.1820968227752
66465.0699486387	5.2447414625981
67781.9893222349	5.3074724244831
69120.4709060527	5.36876108858037
70480.6623864633	5.42923688659279
71862.7114498382	5.48898973733504
73267.3565280343	5.54778585188892
74694.7453074228	5.60573313283206
76145.1731607467	5.66227768026593
77619.2308334914	5.71846974594619
79117.0660120283	5.77424818507885
80639.2694418429	5.82876416405317
82186.1364956779	5.8832441755016
83758.1102326476	5.93666674168921
85355.633711866	5.99007132411387
86978.8546197046	6.04382119478697
88628.5113880202	6.09683013442697
90305.047075927	6.1503030551508
92008.6093697964	6.2039054589678
93739.7890151138	6.25722371933036
95499.0290709934	6.3112289594372
97286.9202829208	6.36587801825726
99103.6103372673	6.42097667115081
100949.83766589	6.47637025775657
102826.045327902	6.53197605276501
104732.676382419	6.58935504679927
106670.173888555	6.64587082021244
108639.128591794	6.703753359609
110639.983551252	6.76274010205003
112673.181826041	6.82038165902321
114739.46184802	6.87981799553772
116839.266676302	6.93906730091767
118973.039370002	6.99807202712165
121141.370674604	7.0576162662138
123344.999021967	7.11713532803784
125584.219784832	7.1756113316114
127859.771395056	7.2341053189479
130172.244598126	7.29124692731136
132522.230139526	7.34847485773693
134910.318764742	7.40378931578575
137337.101219259	7.45816142465655
139803.168248564	7.51120273506984
142309.258284513	7.56238092764262
144856.109758962	7.61125719855915
147444.165731027	7.65834588343952
150074.164632564	7.70358583748973
152746.697209058	7.74636920952242
155462.797265109	7.78658809695996
158222.76017346	7.82418854851353
161027.47205234	7.85938277258582
163877.671333604	7.89147299917478
166774.09644911	7.92091961261165
169717.633517087	7.94758953305069
172708.725596648	7.97151872801778
175748.258806021	7.99286905137936
178837.266949807	8.01115494153608
181976.19308712	8.02663896142685
185166.071022558	8.03945419089743
188407.63918798	8.04947474360723
191701.783701613	8.05665386177261
195049.390681685	8.06200223287077
198451.198560055	8.06486165117813
201908.24114132	8.06507026282823
205421.256857338	8.063239515761
208991.279512709	8.05947011904891
212619.195225661	8.05372970191868
216305.890114422	8.04627363380403
220052.250297221	8.03686452903417
223859.457265028	8.02636201147759
227728.397136072	8.01374460339935
231660.103714953	8.00029274872072
235655.61080627	7.98576186826573
239715.804528251	7.97008722048781
243841.718685497	7.95336951445939
248034.682455349	7.93581376507801
252295.581956036	7.91789834043784
256625.598678529	7.89901898610412
261025.766427427	7.87955336109858
265497.266693702	7.86028196073278
270041.280968325	7.84013295273555
274658.990742266	7.8198688486555
279351.577506497	7.79965509911168
284120.222751989	7.77927949570141
288966.255656084	7.75879958646609
293890.710023382	7.73838801552994
298895.062717596	7.71802679913001
303980.642916069	7.69813316056652
309148.632109773	7.6785128751997
314400.359476049	7.65867678467761
319737.301878611	7.6396463667352
325160.788494802	7.62059796502985
330672.148501965	7.60190923858328
336272.858763812	7.58363773543691
341964.396144058	7.56584819713732
347748.089820045	7.5483931568284
353625.71202823	7.53131937229379
359598.591945955	7.51502608307074
365668.354123305	7.49863927828042
371836.475423994	7.48293945323437
378104.580398108	7.46779712483945
384474.293595732	7.45284542433168
390947.387253321	7.43823541531976
397525.33823459	7.42407140362874
404210.066462367	7.41013398735075
411003.048800366	7.39672169695059
417906.205171414	7.38372303309803
424921.307811968	7.37079270754465
432050.128958485	7.35808178389912
439294.440847422	7.34580247056414
446656.311087976	7.33341165789894
454137.511916606	7.32127981142006
461739.963256139	7.30932780257057
469465.732715774	7.29732903593744
477316.74021834	7.28541659136643
485295.053373035	7.27360845262046
493402.739789059	7.26176434634861
501641.867075612	7.24979795048877
510014.650528263	7.23787831241257
518523.010069842	7.22561338608794
527169.45636866	7.213560668166
535956.057033919	7.20118783926373
544885.175047559	7.18836901304057
553958.878018781	7.17587389455032
563179.824302268	7.16300111703834
572550.376879963	7.14988735710297
582072.603361066	7.1366261303115
591749.457473004	7.1232570009424
601583.006824976	7.10984111378965
611576.20514441	7.09604397086259
621731.267726876	7.08235473051316
632051.000613431	7.06848924928693
642538.06215876	7.05469929986504
653195.110717547	7.04070073879306
664024.952330849	7.02655471086498
675030.540726094	7.01270721340169
686214.386571594	6.99890647372203
697579.591281149	6.98532873270283
709129.108582186	6.97195960333373
720865.892202133	6.95872715056296
732792.895868418	6.94599464640191
744913.36868121	6.93352110842718
757230.264367939	6.92157269633028
769746.832028772	6.91042995681307
782466.468450254	6.89968286008052
795392.275046182	6.88989249953634
808527.648603099	6.8808322797675
821875.985907546	6.87264607087752
835440.683746064	6.86570793513552
849225.286591568	6.86005384006739
863233.486603341	6.85559386685843
877468.828254296	6.85319483288232
891934.856017348	6.85319483288232
906635.557424522	6.85319483288232
921574.476948732	6.85319483288232
936755.749808377	6.89107223438516
952183.068162741	6.89107223438516
967860.419543852	6.89107223438516
983792.086856479	6.89107223438516
999982.05763265	6.89107223438516
1016434.46709076	6.89107223438516
