B10K-DU-013-51_Ceyx_cyanopectus
0	0.00193407446218974
0.126192551091829	0.00193407446218974
0.256691761767845	0.00193407446218974
0.391646137530951	0.00193407446218974
0.531167057508325	0.00204596031357522
0.675403027202869	0.00211135447063287
0.824576804868938	0.00217483355781818
0.978836896009435	0.00223891198956455
1.13829467975154	0.00231204395326871
1.30321004072532	0.00237894616262365
1.47369435805798	0.00245013398377154
1.65000751637957	0.00252840584890419
1.83229802119301	0.00261533541022109
2.02078863075265	0.00269083120676495
2.21570210331284	0.00276954587123748
2.41722407075222	0.00285895481067637
2.62561441770086	0.0029444180650883
2.8410587760374	0.00303064690017709
3.06385415676763	0.00312605673976092
3.29422331814592	0.00322568360942175
3.53238901842661	0.00332859047419286
3.77868539499125	0.00342567609309666
4.03333520609418	0.00354262580966034
4.29667258911693	0.00365238413694475
4.56892030231387	0.00376348055314346
4.85044960944224	0.00388399502802926
5.14155752150786	0.0040041785215903
5.44254104951652	0.00412675492067497
5.75373433084977	0.00425901326896243
6.07554575564058	0.00439405215855927
6.40827233489477	0.00452967772000879
6.75232245874531	0.00468161007533041
7.10806739094946	0.00482920538257213
7.4759155216402	0.00497212371496797
7.8562381145748	0.00513995510113321
8.24951781263768	0.00530089998847374
8.65616300596184	0.00547358204013502
9.07661921105597	0.0056400328465402
9.51136907080452	0.00582849987466967
9.96089522809192	0.00600986422247853
10.4257174521783	0.00620735645533529
10.9063555123239	0.00639570868363589
11.4032920514131	0.00660307221086771
11.9171582178332	0.00682244201110999
12.4484737808444	0.00703586309294774
12.9978327624584	0.0072598442681337
13.5658663110624	0.00749300942962842
14.1532427014195	0.00774241951236021
14.7605930819171	0.00799452590016333
15.3885486009424	0.00824386367391201
16.0378517860101	0.00850326134175458
16.7092451646346	0.00877475995519376
17.4034712643304	0.00906508424965905
18.1213097389878	0.00935557627114701
18.8635031161213	0.00965688109469737
19.630979555124	0.00996681603265493
20.4244815835105	0.0102825558165042
21.2450116134253	0.0106149840663839
22.0934235515102	0.0109659092523252
22.9706455571583	0.011313857842704
23.8777171688898	0.0116842304178355
24.8156407988495	0.0120581558240342
25.7854188591818	0.0124398824004213
26.7881651411587	0.0128404778941337
27.8249934360517	0.0132512704453719
28.8970917878842	0.0136882477939381
30.0056111143037	0.0141175410085051
31.1518137120848	0.0145719120220504
32.336999004378	0.0150301310662229
33.5624292879579	0.0155168674315188
34.8295524914778	0.0160128623284669
36.1397422908395	0.0165250835103163
37.4944837410722	0.0170516740525624
38.8952618972048	0.0175884236342091
40.3436731933935	0.0181558530973918
41.8413140637946	0.0187258275385988
43.3898551953157	0.0193257878441945
44.9910415276159	0.0199319905768479
46.6466922531058	0.0205578755165231
48.3585894378202	0.0212006509401095
50.1286636532969	0.0218783978206522
51.9589568502007	0.0225560813376531
53.8514367264451	0.0232648129901864
55.8082566118223	0.0239959820456343
57.8316069625	0.0247387004111375
59.9237153610218	0.0255007170751441
62.0869578954342	0.0262943886737786
64.3237106537835	0.0271184911725021
66.6365353559949	0.0279483597535387
69.0279565956178	0.0288214325792586
71.50068459808	0.0296860124540032
74.0574667151853	0.0306012607986671
76.7011616778646	0.0315279593080796
79.434739596176	0.0324996817140082
82.2612448329289	0.033484136464592
85.1837960036843	0.0344868607879401
88.2057344822576	0.0355305939956078
91.3303645160882	0.0365937693742917
94.561250237246	0.0376742131817777
97.9019557778006	0.038790773462695
101.356193775324	0.0399496344987333
104.927899625645	0.0411250639827991
108.620971598212	0.0423377258840872
112.43964209986	0.0435865743314293
116.38806928467	0.0448430286401601
120.470745444103	0.0461333697711006
124.692199996	0.0474644462049504
129.057185116452	0.048839795863708
133.570527234305	0.0502408286296325
138.237275536656	0.0516633721998529
143.062701968859	0.05314282443069
148.052152729018	0.0546340086076738
153.211196773493	0.0561445313376464
158.545625816896	0.0577101028219175
164.061380079344	0.0593124825604068
169.764659665582	0.0609565786185247
175.661813185861	0.0626304287050133
181.759412008682	0.0643318911321565
188.064324513557	0.0660721730468832
194.58353045912	0.067843054334175
201.32434374139	0.0696530093086713
208.294338141016	0.0715123334277514
215.501235944147	0.073410307071032
222.953130700693	0.0753220566937756
230.658375845191	0.0772799901385789
238.625510444059	0.0792739983114211
246.863519080221	0.0813172802108074
255.381534842107	0.0833876153607726
264.189099208279	0.085506129166187
273.296087794679	0.0876473271196028
282.712673228255	0.0898437318634451
292.449325146964	0.0920821354537675
302.516995831643	0.0943490347470639
312.926860321386	0.0966562451802656
323.690650550923	0.0989971672541199
334.820321213238	0.101393333391073
346.328309644197	0.103815948215869
358.227498696179	0.10629691266277
370.531216738069	0.108791193889819
383.253163402509	0.111329922777879
396.407595217779	0.113906519954941
410.009177102289	0.116545894747507
424.073130870089	0.119203691930791
438.615160978108	0.121896200407783
453.651565905292	0.124626138101703
469.199089647092	0.127394081248057
485.275144473724	0.130208995415297
501.897662424663	0.133052161522238
519.085243814148	0.13595724499142
536.857120104805	0.138877637092326
555.233079654896	0.141852530039256
574.233764729324	0.144851241714314
593.880337362253	0.147881114833826
614.194739241736	0.150971672335599
635.199728836095	0.154071349714686
656.918770014786	0.157231201585884
679.37610630116	0.160383579540951
702.596872251583	0.163606209773107
726.606982076311	0.166851669516683
751.433278144994	0.170114349234589
777.103493860299	0.173438647387908
803.646365037037	0.176741116428314
831.091555649414	0.180113662564252
859.469657831028	0.183500282861026
888.812488885876	0.186899766702261
919.152757150971	0.190334863835858
950.524396133728	0.193786026981869
982.962490259208	0.19723823227178
1016.50327487012	0.200698184313779
1051.18424760594	0.204209903624059
1087.04416840294	0.207698273841875
1124.12305949413	0.211218145430911
1162.4624281676	0.214735457132855
1202.10511826091	0.218228679507073
1243.09538441395	0.221760590914525
1285.47904057434	0.225269298592931
1329.3034971239	0.228756074285851
1374.61772375221	0.23224816580721
1421.47236083576	0.23572539895072
1469.91971943794	0.239161297446759
1520.01400406731	0.242578658752251
1571.81120129848	0.24596949980637
1625.36915402481	0.24936895681128
1680.74778421673	0.252677414824577
1738.00890728983	0.255969150826439
1797.21652911586	0.259198558721218
1858.4368831491	0.26240500143205
1921.73831904727	0.265549441798951
1987.19163680889	0.268629120153306
2054.86993826775	0.271667391551208
2124.84888697758	0.274628293828086
2197.20667108567	0.277502862906394
2272.02415183833	0.2803245748635
2349.38501208647	0.283224384249635
2429.37560778001	0.285741239297577
2512.08541348446	0.288305104129983
2597.60679962262	0.290800620573373
2686.03540373836	0.293384682721124
2777.47005624386	0.295515575526266
2872.01289179874	0.297751631683725
2969.76957206833	0.300137105036618
3070.84939710275	0.302111852929082
3175.36526821059	0.303812903865929
3283.43405922263	0.305855342657481
3395.17650511274	0.307385273267612
3510.71749900885	0.308998545571681
3630.18616644574	0.310531969376605
3753.71601387052	0.311955196527624
3881.44511427451	0.313291282408551
4013.516181446	0.314510311973074
4150.07686698126	0.315663270508821
4291.27976028451	0.316709108876986
4437.2826484526	0.317627139253867
4588.2487390332	0.318496431139768
4744.34673427763	0.319252528158054
4905.75105389903	0.319953827639849
5072.64216920982	0.320546771737723
5245.2064917425	0.320793850042113
5423.63693014536	0.321594627302881
5608.13289018241	0.321913968372271
5798.90057174444	0.322504951927613
5996.15315448086	0.322492109255849
6200.1111319371	0.322711580437758
6411.00234868101	0.323064916420106
6629.06255719843	0.323020945103839
6854.535492146	0.323109293263041
7087.67305598303	0.323502320168036
7328.73583874074	0.32323705429076
7577.99326652775	0.323307243204306
7835.72389854116	0.323358988854438
8102.21576120383	0.323409626760767
8377.76664517546	0.323671157916338
8662.68458799545	0.323585579116644
8957.28791120927	0.323957305435212
9261.90596289598	0.323909106652519
9576.87908054187	0.324142634104383
9902.55933356794	0.324472808103078
10239.3106718354	0.324623272660588
10587.5094454151	0.32536211615914
10947.5448129772	0.325964763078913
11319.8191130556	0.326819292005005
11704.748420943	0.327557113486899
12102.7629199549	0.328722065622948
12514.3074583254	0.329774372290562
12939.8419204704	0.331255574100609
13379.8418581367	0.332599663169605
13834.7990844235	0.334709154006652
14305.22200792	0.336548254719517
14791.6363381065	0.339623238953598
15294.5857536291	0.342161730787466
15814.6323106899	0.34566973475783
16352.3571855746	0.349021550579218
16908.3613429269	0.353306344609747
17483.2661668975	0.357419178187539
18077.7141665446	0.363045372436528
18692.3696812355	0.379765116947558
19327.9196231738	0.379765116947558
19985.0743313063	0.379765116947558
20664.5681653449	0.379765116947558
21367.160545305	0.43272764302885
22093.6366940333	0.43272764302885
22844.8084539876	0.43272764302885
23621.5154010288	0.43272764302885
24424.6255126949	0.43272764302885
25255.0363562453	0.43272764302885
