B10K-IZ-033-78_Chloropsis_hardwickii
0	0.260280113326764
667.403887816465	0.260280113326764
1343.48862191669	0.260280113326764
2028.25420230069	0.260280113326764
2722.21126698514	1.44111521019774
3425.35981597004	2.13870299299401
4137.18921123871	2.74728428020724
4858.72072882453	3.21657683221409
5589.9543687275	3.51250798041081
6330.37949293092	3.6297329924674
7079.9961014348	3.6021575141023
7840.33610828922	3.51021141573776
8609.86759944409	3.43386525486141
9390.12248894948	3.43066676660767
10180.079500772	3.49522111178096
10980.2492729284	3.60680910145826
11791.1424434353	3.73921649378976
12612.7590122928	3.88404203764424
13445.0989795008	4.03678446626254
14288.1623450593	4.19428704711225
15142.459746985	4.35372709343158
16007.4805472613	4.51896283387125
16884.2460219215	4.69133045151377
17772.2455329489	4.87289267899275
18671.9897183603	5.06705678316855
19582.9679401388	5.2731379702114
20506.7121123347	5.48574975206997
21441.6903208978	5.71014499848734
22389.4344798781	5.93593488599707
23349.4339512591	6.16465602514403
24322.1993730574	6.39379472150428
25307.2201072563	6.62433641010115
26305.5174298892	6.85241451113966
27316.5807029394	7.07675965069144
28340.9205644236	7.29884163014723
29378.5370143418	7.51847672433319
30429.9406907106	7.73390284180928
31495.1315935302	7.95233537122099
32574.1097228004	8.16172361139303
33667.385716538	8.37257330181155
34774.4489367263	8.57523887084976
35896.3206593987	8.77288540218433
37033.0008845551	8.96476129283135
38184.4896121956	9.14906269562945
39350.7868423202	9.32072046600939
40532.4032129455	9.48155515342109
41729.3387240716	9.63235176542549
42942.1040137151	9.7716070960548
44171.2097198928	9.89502030601223
45415.6345665712	10.0098485396646
46676.3998297838	10.1180793693471
47954.0161475472	10.2150695588481
49247.9728818448	10.3053788329366
50559.2913087099	10.3870697261429
51887.4607901258	10.4600670781687
53232.9919641093	10.5259743087131
54595.8848306603	10.5847914177759
55976.6500277955	10.632835550736
57375.7981935316	10.6715932112728
58792.818689852	10.7011813154059
60228.7327927899	10.7183345657275
61683.0298643288	10.7301347325748
63156.7311805019	10.7312788393392
64649.8367413094	10.726493633675
66161.8359087344	10.7153198026476
67693.7499588105	10.7016406283405
69246.0895295542	10.6838025841891
70818.343982949	10.6662067232215
72411.534595028	10.6469489845449
74025.1507277748	10.6285931694491
75660.2136572226	10.6133523311643
77316.2127453548	10.5997065614343
78994.1692682048	10.5895849745843
80694.0832257725	10.5842903491199
82415.954618058	10.5828706545948
84160.2940830779	10.58605244056
85927.612258849	10.5938691115926
87717.9091453712	10.6032557977472
89531.6953806613	10.6192148344388
91369.4816027358	10.633745825461
93230.7571735782	10.6558763577649
95116.5433692218	10.6795184471809
97027.3508276834	10.7049727349025
98962.6689109461	10.7341933886879
100923.518895043	10.7650926224707
102909.900779975	10.7976453828181
104922.325203759	10.8331711505241
106960.792166393	10.8717200324542
109026.322943912	10.9144945933828
111118.4068983	10.9593235358007
113238.065305588	11.0087957144302
115385.298165778	11.0627524575304
117560.616116886	11.120492268983
119764.529796929	11.182616431175
121997.039205906	11.248515310575
124259.165619852	11.3198257314592
126550.398400749	11.3956374191026
128871.758824631	11.4758167551968
131223.246891498	11.5556954500975
133605.883877383	11.64197947265
136019.159144269	11.7302427163934
138464.604606207	11.8202931050096
140941.198987163	11.9115210049673
143450.984839205	12.0073754388482
145992.940886297	12.1021859796958
148568.599042492	12.1961196503956
151177.448669772	12.2889760234851
153820.511044169	12.3803876486166
156498.296803702	12.4738703575261
159211.316586387	12.562275570722
161959.570392223	12.647290219346
164743.568859228	12.7280708378274
167563.822625418	12.8049180673597
170421.352966827	12.876921633218
173316.159883454	12.9431295049558
176248.243375299	13.0039675909309
179219.135356414	13.0572478913456
182228.835826796	13.1039391389347
185277.855424464	13.1443920817574
188366.704787434	13.1774125061837
191495.894553723	13.202825038184
194666.445999364	13.2204041968632
197877.84848634	13.2318035087857
201131.123290685	13.2356533862922
204427.291688432	13.2321375545564
207766.353679581	13.220746593778
211149.330540165	13.2055809157917
214576.222270185	13.1825484599071
218048.050145674	13.1519164627408
221565.324804649	13.1160065423986
225128.046247109	13.0752780118151
228737.746387105	13.0273090391534
232394.935862653	12.97526470809
236099.614673754	12.916881858529
239852.293458424	12.8542148719597
243654.504130712	12.7877648170381
247506.24669062	12.7157779534684
251408.542414181	12.6384296552802
255361.90193941	12.5585509603795
259366.325266309	12.4745050444902
263423.854946944	12.3873525029342
267533.980343298	12.2957738549173
271697.722731404	12.200629268299
275916.103387297	12.1022193842729
280189.632948993	12.0011621875146
284518.822054508	11.8967478307614
288904.691979875	11.7894022223711
293347.753363113	11.6809292095049
297849.027480253	11.5689570671914
302409.024969312	11.4558742226905
307028.767106325	11.3392003861555
311708.764529307	11.2222426107154
316450.038514293	11.1026291713988
321253.610337315	10.9820302970589
326119.479998373	10.8587005985441
331049.179411518	10.7362644724658
336042.708576749	10.6116988045997
341102.110046133	10.4867072283761
346227.383819671	10.361197881208
351420.061811412	10.2348951753347
356680.144021357	10.1086091717499
362009.162363554	9.98116235911216
367407.627476022	9.8551101875668
372877.071272811	9.72769677950614
378417.493753919	9.60157779880666
384030.937471414	9.47612690964843
389717.402425297	9.35050064646062
395477.909891599	9.22611870376839
401313.991784372	9.10225453202062
407226.158741632	8.97986016166361
413215.94267743	8.85777478364442
419283.854229781	8.73709239786186
425430.91467472	8.61777959973886
431658.655926295	8.50005351902633
437967.588622525	8.38358846109791
444358.734039442	8.26819234963549
450833.624091097	8.15485897080668
457393.280053523	8.0426864010308
464038.723202753	7.93305257911166
470770.464176804	7.82473823798649
477590.545527742	7.71788534710781
484499.988531602	7.61354615065307
491499.303826399	7.51081872504161
498590.533964201	7.40987009315872
505774.189583025	7.31090903361106
513051.802596919	7.21429464560203
520424.394281919	7.11935048644613
527893.496552073	7.02665278509768
535460.130683415	6.93573387747781
543125.317951979	6.84660211473078
550891.100909831	6.76023458073568
558758.500833005	6.67513642066895
566728.538997534	6.59275238248855
574802.747317468	6.51195506171862
582982.657706858	6.43341254990041
591269.291441735	6.35650686235826
599664.180436152	6.28193949521048
608168.856604158	6.20912586835849
616784.341221786	6.13832486727452
625512.676841102	6.06951978967002
634355.395376158	6.00247680350558
643313.518102986	5.93750490111901
652388.576935636	5.87427838788395
661582.103788159	5.81299769126279
670896.141212622	5.75352919294727
680331.710485057	5.69568916776354
689890.854157531	5.6396028828756
699574.593506079	5.58547911689008
709384.971082766	5.53295877060356
719323.518801642	5.48190822570778
729392.279214776	5.43286195543576
739592.273598199	5.38521867740037
749925.544503978	5.33926233050663
760394.134484181	5.29480083843643
770999.575452858	5.25184255233405
781743.399324058	5.21051273936347
792627.648649848	5.17058591862951
803654.365982296	5.13204538784365
814825.08323545	5.09501641416986
826141.842961379	5.05927351671299
837606.177074131	5.02500042064686
849220.638763791	4.9920468053747
860986.759944408	4.96042102204077
872906.58316805	4.93006461263522
884982.6616248	4.900818905417
897216.01659069	4.87311815988792
909609.711893822	4.84624417764113
922165.279448245	4.82068132504405
934884.761806027	4.79630433493269
947770.71215725	4.77303804700866
960824.662415965	4.75088246127195
974049.676410271	4.72984592886684
987447.28605422	4.70967791546535
1001020.04453789	4.69072081798238
1014769.99441336	4.67262388835877
1028700.19950872	4.65561260748969
1042811.6811	4.63952830363409
1057108.01365333	4.62418725161814
1071591.23972076	4.60992349721245
1086263.91249239	4.59657001753171
1101128.07452028	4.58395978969062
1116186.78963253	4.57222643199741
1131442.1003812	4.56133653987504
1146896.55995639	4.55113144158244
1162553.23218618	4.54168629741802
1178414.67026067	4.53317648141135
1194483.42736993	4.52517608520488
1210762.05670406	4.51793564312658
1227253.11145312	4.51138834602233
1243960.16608325	4.5054924381708
1260885.26314651	4.5000975989752
1278031.97710901	4.49540425589792
1295402.35052282	4.4913288974963
1312999.95785406	4.48771285202928
1330827.35229282	4.48476489810351
1348888.1083052	4.47992123442945
1367184.26844327	4.47992123442945
1385720.42844919	4.47992123442945
1404498.12023701	4.47992123442945
1423521.42891085	4.47825935672059
1442793.41829882	4.47825935672059
1462317.66286704	4.47825935672059
1482096.71580559	4.47825935672059
1502134.15158059	4.47825935672059
1522433.54465814	4.47825935672059
