B10K-DU-001-61_Chloroceryle_aenea
0	0.841354474474746
789.09951314775	0.841354474474746
1590.50467172471	0.841354474474746
2404.21547573086	0.841354474474746
3230.74466039245	4.81250075361704
4069.57949048323	9.2238938425485
4921.74543645566	14.1510902256982
5786.7297630835	18.9442745979986
6665.04520559299	23.4133847389144
7556.69176398411	26.9441681622847
8462.18217348309	28.4293984974353
9382.02916931614	27.6023071292085
10315.720016257	25.5058415034497
11263.767449532	23.6008939478284
12226.1714691411	22.8088590160381
13203.9575455366	23.1374168422123
14196.1002082663	24.4067700004748
15204.1376630086	26.2598028032511
16227.5571745375	28.5073497489637
17266.3587428528	30.9328690337322
18321.5678384071	33.1055135723733
19392.6717259741	34.5693703474215
20480.6958760063	34.9314760122558
21585.1275532774	34.1693809440246
22706.4794930137	32.3666277006994
23845.2644304414	29.84571861808
25001.4823655604	26.8931501283977
26175.646033597	23.7882976603945
27367.7554345512	20.8014850561552
28578.3233036492	18.1150838524469
29807.8623761173	15.8380928760108
31055.8599167291	14.0301386627298
32323.3413959372	12.6826338098778
33609.7940785153	11.7400661391432
34916.7561701421	11.1352028279534
36243.2022003651	10.7916750699997
37590.670374863	10.6393172442353
38958.1352231834	10.6348441990806
40347.1349510048	10.7128587484178
41757.6695583274	10.8419124309117
43189.7390451511	10.9770532526844
44643.8561467021	11.0985428470276
46120.0208629805	11.1907888537084
47619.2586644386	11.2598889616406
49141.5695510765	11.3042290767
50687.4662581203	11.3287464279724
52256.9487855701	11.3458051874421
53850.5298686521	11.3439590013523
55468.7222425925	11.330761408219
57112.0386426176	11.3049253525967
58780.4790687272	11.2622415302007
60474.5562561477	11.2059170300098
62194.2702048791	11.1444126591328
63941.1591206	11.0789416255714
65714.7102680841	11.0346964572252
67515.4363825577	11.0103795490139
69343.850199247	11.0117721008073
71200.4644533783	11.0364476966018
73085.7918801777	11.076599606646
75000.3452148714	11.1227120603516
76944.1244574596	11.1605219514706
78917.6423431683	11.1867905421196
80921.92434245	11.1906411588212
82956.4577200785	11.1813996787374
85022.7806817324	11.1575575040921
87120.8932274118	11.1267209215752
89251.3080923429	11.0955678500143
91414.5380117519	11.0719472176997
93610.5829856387	11.0658706280556
95840.981219682	11.071778423543
98105.7327138819	11.0933840756109
100404.837468238	11.1292000857529
102739.83368843	11.172664581124
105110.721374457	11.2255288011008
107517.500526319	11.2831825552763
109962.222084921	11.3387263824921
112443.86057981	11.3982579716618
114963.954216666	11.4600260834088
117523.015730714	11.52707956219
120121.557857182	11.6030369327415
122759.580596067	11.6943967700992
125438.62215305	11.7997137742957
128158.682528131	11.928429868476
130920.787191761	12.0797116314909
133725.448879167	12.2559327311703
136573.180325576	12.4577472448715
139464.494266213	12.6835621777401
142400.41617153	12.937829475661
145381.971511981	13.2111705132982
148409.160287566	13.5097884759133
151482.49523351	13.8300120905964
154604.027290718	14.1674843581756
157772.730988738	14.5263090865875
160990.657268475	14.8991964781863
164258.318865155	15.2888366898455
167575.715778778	15.6859882414816
170944.898950249	16.0951980256926
174365.355644342	16.5067709280986
177838.624066735	16.9206752997952
181365.216952655	17.330581359903
184946.672507779	17.7312037413878
188582.477996883	18.1253486471062
192274.684360871	18.5005464087258
196023.804334968	18.86082698674
199830.350654402	19.2048505775292
203695.861524851	19.5317943095792
207620.336946315	19.8421540157254
211605.827859699	20.1427764089523
215652.334265002	20.4243145128282
219760.881632678	20.6984256738057
223933.008168405	20.9617234591144
228169.226607408	21.2128469658653
232471.075155368	21.453178196217
236838.553812283	21.6830758377527
241273.713519059	21.9050085050152
245777.067010922	22.1085215099191
250349.639758324	22.3071711331807
254992.457231717	22.4924754684218
259706.544901555	22.6678420476824
264493.953708742	22.8312242418116
269354.170918052	22.9845315347079
274289.760205615	23.125843892838
279301.234306659	23.2544228417659
284390.131426861	23.3655526947366
289556.964301448	23.4629152742948
294803.271136099	23.5408559761884
300130.590136492	23.60107329162
305539.94677308	23.6423645622226
311032.366516315	23.6637908704989
316609.387571876	23.6676520368353
322272.035410215	23.6515954926715
328022.360972237	23.6180898525505
333860.876993169	23.5656898165048
339789.121678688	23.4949545151788
345808.633234474	23.4112959112242
351921.462601431	23.3128889178209
358127.60977956	23.2067490421101
364429.638444992	23.0892788586253
370828.574068178	22.9601829775923
377325.954854798	22.8316567768384
383923.831745757	22.6941528368707
390622.71747628	22.5614278814668
397424.662987273	22.4256857305105
404331.71921964	22.2951656487796
411344.911643835	22.1720619603123
418466.291200761	22.0577039190932
425696.883360871	21.9541487039081
433038.73906507	21.8641392198046
440493.909254263	21.7909142046661
448063.932134129	21.7328068161942
455750.345910346	21.6943639469874
463555.201523819	21.6758598875503
471480.037180227	21.6791935721467
479526.903820474	21.7054832620653
487697.33965024	21.7555518288205
495993.908345655	21.8274475899744
504418.148112398	21.9230378308864
512972.109891374	22.0421854063042
521657.331888261	22.1871057395354
530476.890514418	22.3534945795823
539431.811240295	22.5428710738557
548524.657742025	22.7523973705949
557756.968225286	22.9846053821515
567132.331836661	23.2358976830592
576651.261311377	23.5043120412453
586317.345796017	23.7907662749374
596131.610761034	24.0897956733097
606097.132617785	24.4033730180696
616216.475042401	24.7270885618711
626491.176240561	25.0598873412344
636923.799888395	25.3972330131959
647517.422397262	25.7403598850272
658274.094708065	26.0835922532065
669196.380496937	26.4245353506345
680286.843440008	26.7600137372367
691547.534478183	27.0875376992006
702982.042758045	27.4041955373217
714592.419220499	27.7052399159405
726381.740276904	27.9903754452828
738352.056868163	28.2535466349739
750506.95814086	28.4925802602454
762849.007771126	28.7032248182732
775380.769435092	28.883929512742
788105.319544116	29.0297360152964
801026.247244781	29.1408658682671
814145.603477992	29.2148293578415
827467.490125558	29.2483666468669
840993.958128385	29.239346709114
854728.596633056	29.1885818664621
868674.994786155	29.0934769087508
882836.228999038	28.9546753637029
897214.862947838	28.7729790035629
911814.998514363	28.5479869422087
926640.224845197	28.2812077774164
941693.105616472	27.9761123390348
956978.255445223	27.6327639248727
972498.238007581	27.2537999436298
988257.667920582	26.8428494696769
1004259.10886036	26.4004610840236
1020507.17544394	25.9320994974956
1037005.45681792	25.4408452034542
1053757.02939366	24.9306648645837
1070767.0205234	24.401569030519
1088039.01935374	23.8606576054796
1105576.61503126	23.3092598434501
1123383.90943777	22.7504562377919
1141466.02992554	22.1875910227362
1159826.05290591	21.6241033792273
1178468.59299593	21.061111568554
1197398.26481263	20.5029831395229
1216619.17023782	19.9493172060117
1236135.92388854	19.4041015299744
1255953.14038182	18.8687392128391
1276075.4343347	18.344854898365
1296507.93309945	17.8331026639095
1317254.22582263	17.3342631824477
1338320.46532698	16.8507734196182
1359710.75349429	16.3817683053675
1381430.21767684	15.9294527133685
1403483.98522688	15.4929088253937
1425877.18349667	15.0734764450626
1448615.45257371	14.6707230373484
1471703.40707503	14.2852393817999
1495146.68708812	13.9161393090939
1518950.93270046	13.5644461338059
1543121.78399955	13.2291892895345
1567664.36833765	12.9105164711669
1592585.35127269	12.6085015261465
1617889.34742172	12.3219417961064
1643583.02234267	12.0514597094997
1669672.01612304	11.7961057991945
1696162.99432076	11.5557429199384
1723061.59702332	11.3298013914523
1750374.48978867	11.1180491217706
1778107.31270429	10.9199480795185
1806267.24406334	10.7351606763825
1834860.94942378	10.5634442707623
1863894.06887308	10.4037122502735
1893374.80617487	10.2565237455605
1923309.31415187	10.1206655486214
1953704.258362	9.99615875872583
1984567.32983367	9.88251809267305
2015905.19412482	9.77945871032346
2047725.54226384	9.68631598468477
2080035.5525439	9.60315321356574
2112843.42872861	9.52893653275611
2146155.83637592	9.4642778210742
2179981.49198467	9.40822761138812
2214327.57384803	9.36070150661948
2249202.28572963	9.32110872721954
2284613.83139307	9.28985015931066
2320570.41460198	9.26589193868257
2357080.7518552	9.24930791277883
2394153.04691636	9.23963389766832
2431795.50354907	9.23712308458621
2470017.86372263	9.26064877018755
2508828.84393589	9.26064877018755
2548236.64795247	9.26064877018755
2588251.53047688	9.26064877018755
2628882.20800799	9.40455633847813
2670137.90977985	9.40455633847813
2712029.40323222	9.40455633847813
2754565.40486394	9.40455633847813
2797756.16937955	9.40455633847813
2841611.43874833	9.40455633847813
