B10K-DU-021-33_Chroicocephalus_maculipennis
0	0.728359682235399
853.41132711108	0.728359682235399
1719.36403831546	0.728359682235399
2597.26092484681	0.728359682235399
3487.69919547145	0.854561506957379
4391.27605895575	0.958132990232335
5307.39430653336	1.10902497367416
6236.65114697061	1.30086907367874
7179.04658026752	1.5353472439476
8135.17781519043	1.81708140109066
9105.04485173934	2.15161508018445
10088.6476899143	2.53574565705758
11085.9863297152	2.96514152491708
12098.2551886748	3.43197814298165
13124.2598492604	3.92236672095983
14165.791937771	4.42750119440339
15221.657036674	4.93794419021448
16292.4523547357	5.44946547963148
17378.7751007225	5.9539502120561
18480.6252746343	6.44194258202115
19598.0028764711	6.91066851794222
20731.5051149993	7.35416975643283
21881.1319902189	7.77063531720613
23047.4807108963	8.15773811363399
24230.5512770314	8.51794347511454
25430.3436886242	8.87125973855736
26646.8579456748	9.22746527589292
27881.2884657158	9.59350448226696
29133.0380399809	9.97411447659772
30403.3010860028	10.36847501845
31690.8831862487	10.772494121832
32997.5759670178	11.1806006031134
34322.1850107774	11.5872647514945
35666.5019438264	11.9842565140689
37029.3323486322	12.3698202076575
38411.8706427275	12.7336659620811
39814.7140348786	13.0761393842645
41237.2653163191	13.3883422479129
42679.5244870492	13.6709196859529
44143.2831733678	13.9143790281787
45627.3469577422	14.1189414630221
47132.9102577051	14.2802200865824
48659.9730732566	14.39888768034
50209.1326131629	14.4728936432069
51779.7916686578	14.5084819402941
53373.1446572738	14.513656827984
54989.7887877775	14.4870819595
56629.1268514023	14.4490928463073
58291.7560569147	14.4050579159738
59978.2736130811	14.3630597624515
61688.6795199013	14.3197529107066
63424.1681949082	14.2846530714067
65183.5452205689	14.2440419536765
66968.6022231827	14.1856482076336
68779.3392027494	14.1104994378682
70615.756159269	14.0066745095149
72478.450301508	13.8690353996226
74367.4216294662	13.7095262835182
76283.8645606765	13.5212626712563
78227.1818863724	13.3168430872752
80198.5680240866	13.0947146044586
82198.6201825856	12.8566743788163
84226.7411531029	12.6080309327161
86283.5281444049	12.3523278891617
88370.1755740243	12.0904407856966
90486.6834419611	11.8222820685663
92633.0517482152	11.5500544059061
94810.4749103195	11.2747439294752
97018.9529282739	10.9956778577929
99259.0830108447	10.7204964079472
101530.865158032	10.4421676310382
103835.493787368	10.1675022875338
106172.371690087	9.89624693235585
108543.290492488	9.62649842337074
110948.250194571	9.36595688286683
113387.250796336	9.1066871758468
115860.889506549	8.8566428696773
118370.360742742	8.61266742111027
120915.06729615	8.37915695023133
123496.800793072	8.1516093508312
126114.964024741	7.93271574883231
128770.75140869	7.72426869215218
131464.760153685	7.52624514032914
134196.990259727	7.33753915120328
136968.038935581	7.15740882190901
139779.10059878	6.98973877428299
142630.175249325	6.83095773676718
145521.860095981	6.68196428736653
148454.752347515	6.54357405842395
151430.04642146	6.41463963494854
154447.742317816	6.29391222391808
157507.840036582	6.18408755934734
160612.728412825	6.08229479971289
163761.213029011	5.98858463403041
166955.085511439	5.90339022297918
170194.34586011	5.82601574461694
173480.188492556	5.75616167294204
176812.613408777	5.69309532127354
180193.412235072	5.6370470942281
183621.987762675	5.58748706118743
187099.534409118	5.54384842679458
190626.649383169	5.50544458529193
194204.527102359	5.4729068453291
197833.167566688	5.44544722311717
201513.76519369	5.42271089554649
205246.917192131	5.40477159209439
209033.817979542	5.39066622146328
212874.467555925	5.38066666110082
216770.060338812	5.3744918173747
220721.19353697	5.37182373191393
224729.06156793	5.37233062207055
228794.26164046	5.37602170402923
232917.390963326	5.38256980323433
237099.64395406	5.39149106999088
241341.617821428	5.40313571931619
245643.909774198	5.41680332117567
250007.714229902	5.43280722584794
254434.225606072	5.45036405763641
258923.443902709	5.46916046626243
263477.160746111	5.49034847480925
268095.973345046	5.51209406252835
272781.076117045	5.53495480859202
277533.066270874	5.55946525171088
282352.541015302	5.58390657344474
287241.291976625	5.60914048705987
292199.319154845	5.63518081683327
297228.41417626	5.66141007839231
302329.771458404	5.68738589487304
307503.988210041	5.71338475181544
312751.66163994	5.73972460759047
318074.583374398	5.76481106225095
323473.947830949	5.79030302903672
328950.352218359	5.81527888948121
334504.393745394	5.83875251182516
340138.46124712	5.86202798619879
345852.554723536	5.88428046407451
351649.063009708	5.90536248649767
357527.986105637	5.92560583611624
363490.518428853	5.94431469098794
369538.451605658	5.96186230659174
375672.980053583	5.97808739969599
381895.298190162	5.99269966048371
388206.600432926	6.0058373317249
394607.483990642	6.01737599492656
401100.337698376	6.02730182581169
407686.35597366	6.03582679662762
414365.538816494	6.04248088195637
421140.872270711	6.04709819047396
428012.953545075	6.05038376030734
434982.977057121	6.05167402616056
442052.734433147	6.05104732560329
449223.420090686	6.04865572568249
456496.825656036	6.04474345529184
463874.145546731	6.03896029941401
471357.17138907	6.03132929851067
478946.500391818	6.02191035778216
486644.521390042	6.01067122058214
494452.428801274	5.99798053429725
502372.014251813	5.98328993593987
510405.069367958	5.96718465323628
518552.788567241	5.94950801104715
526816.963475963	5.9302185365415
535198.788511655	5.90936691873499
543701.249718149	5.88712365704393
552324.347095446	5.86319383355902
561071.066687377	5.8382133650222
569942.602911474	5.81201636010949
578941.344602803	5.78444614368157
588068.486178898	5.75553958047709
597325.819266056	5.72571139880603
606715.732699343	5.69509984143837
616240.018105059	5.66315654538649
625899.869900735	5.63065567016233
635698.274130204	5.5970119880396
645636.425210999	5.56262640305127
655716.711978184	5.52765098224432
665940.926058059	5.49210876608043
676310.859076923	5.45609191640624
686829.497078608	5.41928247485079
697498.631689413	5.38231175006368
708320.054535636	5.34499541835161
719296.154452343	5.30737495254556
730428.723065833	5.26953790639986
741720.746419938	5.23142898280652
753174.016140957	5.19345369389084
764790.921063956	5.1553585945745
776574.447232765	5.11723584670416
788525.789064918	5.07931124680414
800647.932604247	5.04135439025779
812943.266685817	5.00356803312775
825414.777353459	4.96610424246102
838064.256233473	4.92882477548761
850894.092160924	4.89198307728583
863907.868388409	4.85538099988536
877107.37654223	4.81906923230186
890495.602666216	4.78314454447433
904074.935595434	4.74776361154209
917848.361373714	4.71295408205913
931818.866044889	4.67843486239314
945988.838444025	4.64447322189944
960361.264614952	4.6110230796547
974939.130601503	4.5781673813209
989725.422447509	4.54591534308272
1004723.1261968	4.51436834297147
1019935.22789322	4.48324067926252
1035364.11637181	4.45278579703418
1051013.97209396	4.42303595293278
1066887.78110348	4.39385290418833
1082987.93223546	4.36531959646282
1099318.00874247	4.33754662397224
1115882.1910859	4.31044643296228
1132682.27089203	4.28395451014026
1149723.025831	4.25819988209151
1167007.44194664	4.2331088193387
1184538.50528278	4.20875505135916
1202319.79909202	4.18511092959889
1220355.50383572	4.16209811648823
1238649.20276649	4.13993780045917
1257203.88192815	4.11836732024872
1276024.31899084	4.0975848238272
1295112.90278961	4.07732764993163
1314475.00820338	4.05806121588765
1334113.62127596	4.03934314483128
1354032.92246873	4.02138540900985
1374236.49503427	4.00412349513069
1394729.11664273	3.98758044365547
1415514.96775547	3.97166870082986
1436597.03441632	3.95644356376185
1457980.69150417	3.94197876192878
1479670.11948039	3.92814526874533
1501669.49880635	3.91495230039614
1523983.60715217	3.90252888346656
1546616.02777045	3.89068608617093
1569572.1355401	3.87952528654057
1592856.11092247	3.86900040365216
1616473.32879646	3.85908839704402
1640427.37241467	3.8498215233625
1664724.21386477	3.84122282306925
1689368.03360811	3.83314944530195
1714364.2065236	3.8257534571076
1739717.51028137	3.8188274943312
1765433.3197603	3.81262039395875
1791516.41263055	3.80688792709658
1817972.16377099	3.80185128217669
1844806.5452693	3.79734456787508
1872023.73758683	3.7932894466221
1899630.31002003	3.78995779586539
1927631.04023902	3.78692106301799
1956032.49754022	3.78465388159019
1984839.45959378	3.78293045505767
2014057.89848734	3.78171852677411
2043694.38351736	3.78100427246251
2073754.28956271	3.78089828633885
2104243.58871107	3.78133605511048
2135168.25305009	3.78241895680872
2166535.44908498	3.78797631616223
2198350.55169463	3.78797631616223
2230620.72738423	3.78797631616223
2263351.94824146	3.78797631616223
2296550.78356274	3.81208585524813
2330224.39985326	3.81208585524813
2364378.7692007	3.81208585524813
2399021.655319	3.81208585524813
2434159.03029584	3.81208585524813
2469799.25505395	3.81208585524813
