B10K-DU-029-53_Climacteris_rufus
0	3.09458628852951
1063.95431814852	3.09458628852951
2142.16863460432	3.09458628852951
3234.6429493674	3.09458628852951
4342.16948456593	52.3805557147291
5463.95601807175	58.9355754924998
6601.5869941412	45.0049512232899
7753.47796851793	30.3191581776641
8922.00560758649	21.1399561811664
10105.5854670905	16.3699309330444
11305.0097691582	13.6956428900389
12521.0707359176	12.1684676076394
13752.9761452408	12.0385692766082
15001.5182192557	13.5037827326089
16266.6969579625	16.1840454538482
17549.3045834893	19.2097022869592
18848.5488737078	21.7325695784778
20165.2220507465	23.3287591838843
21500.1163367332	23.8985347131175
22852.43950954	23.5783038412502
24223.7760134232	22.6359595982923
25612.5414041264	21.4209612536069
27020.3201259059	20.2273071074413
28447.1121787618	19.2628209106313
29892.9175626941	18.6234030382358
31358.5284998309	18.3109290639617
32843.1527680441	18.2610693556899
34348.3748115901	18.32850514155
35873.4024083406	18.4141535119124
37419.0277804238	18.4164194765266
38985.2509278397	18.2673580440013
40572.8640727166	18.0002118487706
42181.0749929262	17.6450579642159
43811.4681327249	17.2618723151638
45464.0434921127	16.8926049506336
47138.0088489614	16.5847902069708
48834.9486475274	16.3580749309243
50554.8628878107	16.217135326623
52297.7515698113	16.1568963122718
54063.6146935291	16.1639657823978
55854.0367032206	16.2141140404707
57667.4331546294	16.3087838354957
59506.1807141399	16.4062712344606
61368.694937496	16.5110827063171
63256.5602689539	16.5998117701438
65169.7767085136	16.6754457650575
67109.1364783033	16.7308558136204
69073.8473561948	16.771261272528
71065.4937864446	16.785926391829
73084.0757690525	16.7804778926443
75128.8010818904	16.7510797599713
77202.0463913429	16.6953641880897
79302.2272531535	16.6104711392654
81431.720333707	16.4919280915818
83588.9411887467	16.3372569114535
85775.4742625293	16.1430204615442
87990.5273329263	15.9193519319266
90236.4770663225	15.6635440465259
92511.7390184614	15.3825304873265
94817.8976335994	15.0832958568659
97154.9529117365	14.7797414661482
99523.6970750009	14.471485411025
101924.130123393	14.1626352827819
104357.04427904	13.8634261125978
106822.439541942	13.5733996154947
109320.3159121	13.2946944547038
111852.25783377	13.0295511345628
114418.265306952	12.7791068807583
117018.338331646	12.5383205585306
119654.061352107	12.3143125585587
122324.642146209	12.0983500059812
125030.872936079	11.8930807695607
127774.338165974	11.694252983111
130553.453391636	11.5051679958265
133370.595279452	11.3197832354028
136225.76382942	11.140534401631
139118.959041541	10.9649433609257
142050.973137943	10.7902179696235
145022.598340754	10.6204064116983
148033.834649974	10.4553134916963
151085.474287731	10.2916633206996
154178.309476154	10.1317727838756
157312.340215242	9.97915539939015
160489.150949252	9.82956778781584
163707.949456056	9.6869478052613
166970.32017991	9.55367174420588
170276.263120814	9.42517372838569
173626.570500896	9.30589233268179
177022.034542284	9.19473276520192
180463.447467107	9.09278981783833
183950.809275364	8.99909600008158
187484.912189185	8.914567881888
191066.548430696	8.83952796009406
194696.510222026	8.77257591948872
198374.797563175	8.71461984326944
202102.202676272	8.66521841997578
205880.310005572	8.62378606324676
209709.119551076	8.59011909086986
213588.631312784	8.56497282438315
217521.22195708	8.54810963453871
221506.099261835	8.5379764444661
225544.055449179	8.53617725158889
229636.674963368	8.54158331697938
233784.750026529	8.55333747799325
237988.280638663	8.57233084431024
242248.059021898	8.59866525703662
246564.877398362	8.63195881202391
250939.527990184	8.67124401876267
255373.595241619	8.71701310926649
259866.286930539	8.76748386417585
264419.97972333	8.82377653565959
269034.673619991	8.88606934565366
273711.953064778	8.95170593863651
278451.025835563	9.02248550748535
283254.268598731	9.09600629944429
288121.681354281	9.17326975205818
293054.848546471	9.25228147699616
298054.562397428	9.33429751456873
303120.822907152	9.41599954206368
308255.2145199	9.49929708022332
313458.5294578	9.58297652253142
318731.55994298	9.66509440121025
324075.890419696	9.74690675657031
329491.520887949	9.82630038565675
334980.035791994	9.90325831495187
340542.227353961	9.97769567686712
346179.680018104	10.047711437419
351891.601562297	10.1147738058895
357681.160875052	10.1761415591684
363548.357956368	10.2331046846017
369494.777250503	10.2843053007725
375520.418757456	10.3291153875258
381626.866921483	10.368078097428
387815.706186841	10.4000052842397
394086.936553531	10.4254570740452
400442.934687935	10.4443231389794
406884.492812184	10.4552455976255
413412.403148404	10.4589882582804
420028.250140853	10.4554068460437
426732.033789529	10.4443316257382
433526.922982947	10.4261529882713
440412.125498977	10.4004126486647
447390.810226133	10.3676452727264
454462.184942286	10.3280290823923
461629.418535949	10.2814961835916
468892.511007123	10.2282587452956
476253.046800062	10.1689702479361
483711.818136897	10.1041993043564
491271.993906138	10.0327832285935
498932.781885659	9.95621569020568
506696.558741843	9.87451366271074
514564.908918947	9.7885512822707
522538.6246391	9.69802302556679
530620.082568685	9.60365026710166
538809.282707703	9.50585734481806
547108.601722539	9.40421992077325
555519.624057448	9.30055416136214
564043.934156687	9.19389257607529
572681.532020256	9.08525357597529
581436.378758796	8.97508695928142
590308.474372307	8.86335029219942
599299.403305045	8.75050185970744
608410.750001267	8.63707632761334
617644.891127358	8.52290396074002
627003.411127572	8.40854488517189
636487.10222404	8.29440646533399
646098.341083145	8.18093001268676
655838.712149143	8.06751296735151
665709.799866292	7.95480880976007
675713.188678847	7.84379351718072
685851.255253193	7.73331289040923
696124.791811458	7.62427501264304
706536.967242155	7.51695994692438
717088.573767412	7.4115628887069
727782.780275742	7.30775285439526
738619.586767145	7.20567411889
749602.162130133	7.10577648041041
760732.090808962	7.00782230970857
772011.749470019	6.91228686528034
783443.514779686	6.81880521649497
795028.178960092	6.72773380722435
806768.118677623	6.63879257442628
818665.710598661	6.5524992103909
830723.331389592	6.46856516531715
842943.357716801	6.38674432319824
855326.581802415	6.30748648225347
867876.964757075	6.23054552647606
880595.29880291	6.15642217463843
893483.960606304	6.08408952891917
906546.911277898	6.01446415927457
919784.150817692	5.94707080720878
933199.640336328	5.88186703892753
946795.756500188	5.81909048367874
960574.083753531	5.75857989304417
974536.99876274	5.70022493915872
988687.670416328	5.64416141016406
1003028.47538068	5.59020259736539
1017561.79032218	5.53823817289758
1032290.78412934	5.48826813676065
1047217.04124642	5.44059801227337
1062343.73056193	5.39467616011017
1077674.02096438	5.35091843145494
1093209.49689803	5.30876470022326
1108954.11947352	5.268690224911
1124910.26535724	5.23053375709992
1141080.31121556	5.19384549857071
1157467.42593701	5.15911768133696
1174074.77841009	5.12597688800906
1190904.74530119	5.09449949941669
1207961.28772095	5.06460064797131
1225246.78233575	5.03640763505574
1242764.39803411	5.0096913181809
1260517.30370455	4.98436682975824
1278508.66823556	4.96054449765288
1296740.86829354	4.93826675565909
1315218.65721126	4.91735538184092
1333944.4116551	4.89770853509211
1352922.0927357	4.87934318893037
1372154.07711945	4.86231875066768
1391644.32591699	4.84665219382177
1411396.00801682	4.83208891562697
1431413.87675173	4.81863740284215
1451699.51656596	4.80651831119752
1472258.47301441	4.79544309089204
1493093.12276347	4.78547963599653
1514207.42692378	4.77665340678756
1535605.34660597	4.76867585346407
1557290.8429207	4.76199677424536
1579267.08475647	4.75604755628816
1601538.82544606	4.75119313022323
1624109.23387796	4.74718738004377
1646983.06338496	4.74417458065033
1670164.2750777	4.74190012927725
1693656.03784468	4.74063560220788
1717463.89724081	4.7399566614995
1741591.81437672	4.74033007888911
1766042.95814093	4.74139092374596
1790822.87408834	4.74309676227577
1815935.52332959	4.7456427899322
1841385.65919743	4.74865558932565
1867177.24280253	4.75243219701602
1893315.02747764	4.75685379837936
1919803.76655554	4.76177611851513
1946648.21336899	4.7673009985296
1973853.91347289	4.77339449138733
2001424.03575575	4.77985291487581
2029364.9179946	4.786854490931
2057680.52130009	4.79431435196435
2086377.18344923	4.80195243493365
2115458.07333054	4.80994696177485
2144930.32094316	4.81839128683536
2174798.67961988	4.82703080734952
2205067.11047134	4.836060718771
2235742.74349668	4.84495484205081
2266830.33202867	4.85405264754313
2298334.62940008	4.87654255850829
2330262.76561008	4.87654255850829
2362619.49399142	4.87654255850829
2395410.360099	4.87654255850829
2428641.70170986	4.91772879923053
2462319.856601	4.91772879923053
2496449.57810522	4.91772879923053
2531037.99622165	4.91772879923053
2566091.44872732	4.91772879923053
2601614.688955	4.91772879923053
