OUT-0029_Crypturellus_cinnamomeus
0	0.650487279023541
616.96753343545	0.650487279023541
1243.8097072908	0.650487279023541
1880.52652156606	0.650487279023541
2527.11797626121	0.475307427447321
3183.58407137627	0.52442730170278
3850.71477814482	0.579546390716583
4528.11511095007	0.64739382529531
5215.78506979201	0.729311260651428
5914.51462590425	0.816828194834715
6623.90879366998	0.896747050534953
7344.75754432279	0.957893160632748
8076.6658922459	0.993912779717756
8820.02882305609	1.00590425765303
9574.84633675336	0.998532105565867
10341.5134189545	0.978692292216719
11120.4250552764	0.951911324827933
11911.1862601021	0.924584658298325
12714.5870046653	0.899833552681773
13530.2323033491	0.880313512077565
14358.9121273873	0.866928242069231
15200.6264767797	0.860442416612064
16054.9803659096	0.860727431449946
16923.1587516273	0.867265393767701
17804.7666483161	0.879795619262389
18700.1990415928	0.89752562765307
19609.4559314573	0.91996880824092
20532.9323035265	0.946426527094059
21471.0231434172	0.976464310374251
22423.7284511293	1.00943913680091
23391.0482266629	1.04522587790862
24373.7724412515	1.08355342202233
25371.5061092783	1.12441481756063
26385.4341875938	1.16764670236033
27414.7667049643	1.21327688274709
28460.2936326235	1.26109681127855
29522.0149705713	1.31072762676777
30600.3257044246	1.36239525561064
31695.6208198001	1.41544624915445
32808.2953023146	1.47005787272519
33937.9541663513	1.52574699141476
35085.3873831439	1.58214169561762
36250.5949526923	1.63920722742672
37434.3668462301	1.69702005423757
38636.3080781405	1.75519436328184
39857.2086196571	1.81379967037364
41097.06847078	1.87271779862897
42356.2826171258	1.93191399014077
43635.2460443115	1.99131872909492
44934.3537379537	2.05152985149283
46253.6056980526	2.11169578861157
47593.3969102248	2.17291489031419
48954.1223600872	2.23467273957622
50336.1770332567	2.29715007751436
51739.9559153499	2.36072924110627
53165.4590063669	2.42545193984042
54613.0812919244	2.49136335899597
56083.6127432562	2.55922469673752
57577.0533603621	2.6287578898086
59093.798128859	2.69977524551108
60634.2420343636	2.77356628219686
62198.7800624928	2.84895965839805
63787.8071988634	2.92703634502417
65401.7184290921	3.00742790826041
67040.9087387958	3.09054796720076
68705.3781279744	3.17589948377428
70395.9165678615	3.26370838437686
72113.3140296908	3.35418669224156
73857.1755278454	3.44762984957837
75628.291033559	3.54300902233835
77427.0555324482	3.64142603617527
79253.86401013	3.74187638757512
81109.5064378379	3.84544799902886
82993.982815572	3.95106337541765
84907.6881289489	4.05850701771773
86851.8073348191	4.1693187012118
88825.9454475658	4.28116269454553
90830.8924384226	4.39555791825736
92867.0432930063	4.51112795922779
94935.1879825505	4.62842894396974
97035.721492672	4.74712372078474
99169.0388089875	4.86684733164869
101335.929902731	4.98749897863111
103536.394773902	5.10869980054505
105771.223393734	5.23008831515711
108040.810747844	5.35261341332999
110346.341793083	5.47510375359582
112687.421543833	5.59690936309259
115065.234956945	5.71920505907888
117480.572003653	5.84090639485447
119933.03769834	5.96107838271948
122424.211983473	6.08058649455966
124954.094859051	6.19875990276879
127523.871281927	6.31493473132203
130133.541252098	6.42993474261669
132783.8947408	6.54125736734453
135475.721719265	6.65067873455626
138209.812158727	6.75736117869175
140986.166059187	6.86142982821643
143806.363363111	6.96269351464146
146670.404070499	7.06146853492108
149579.473138202	7.15605522740012
152533.57056622	7.24912995092211
155533.881311403	7.33938233239092
158581.195344984	7.42709738664444
161676.302638198	7.51225773472914
164819.598176661	7.59607990339208
168011.871931607	7.6767530056755
171254.308859886	7.75412063099762
174547.303947115	7.83061583285257
177891.647164527	7.90490738339999
181288.128483356	7.97679021098825
184737.932860453	8.04573947122073
188241.850267051	8.11389972696299
191799.88070315	8.17849034565031
195413.999096834	8.2414091090081
199084.60043372	8.30133521656813
202812.474685041	8.35830342623747
206598.411822031	8.41458690513774
210443.596801541	8.46629971925978
214348.819594803	8.51818632291712
218315.26515867	8.56579422821552
222343.328478756	8.61230030786016
226434.589497529	8.65657145408092
230589.838186224	8.69994237050886
234809.864516073	8.74098103137315
239095.853443927	8.7811611719331
243448.59494102	8.81938791811633
247869.668949818	8.85710372306581
252359.865441556	8.89281052098729
256919.974387466	8.92849646416453
261551.1807444	8.96252445517507
266255.064454824	8.99644122088302
271032.415489973	9.02917969354168
275884.418806696	9.06093799322128
280812.259361843	9.09296045299453
285817.122112266	9.1226888909019
290899.797029198	9.15319938171809
296062.259040723	9.18222570990288
301305.298118074	9.21115124015719
306630.494203718	9.23863084147785
312038.63726889	9.26569682370452
317531.307256056	9.29182781823131
323109.689122067	9.31725670303551
328775.362809389	9.34193829283794
334529.513274874	9.36454135979826
340373.720460989	9.38608431059329
346308.774338967	9.4064315893855
352337.044822508	9.42529470554629
358459.321882847	9.44284397282027
364677.580448067	9.45825562881013
370992.610489403	9.47161656828352
377406.386934937	9.48355938514892
383920.489727138	9.49307957589231
390536.103822855	9.50135543356301
397255.204150173	9.50660387752888
404079.370651559	9.51035773149123
411010.183269479	9.51078872953876
418049.221946402	9.51004838611841
425198.461610411	9.50684023129688
432459.087218356	9.5011121282136
439833.468683938	9.49369479084725
447322.790964009	9.48356981252103
454929.02898665	9.47150534298093
462654.552665564	9.45778639706483
470500.546957602	9.44189508195756
478468.986790845	9.42438057259064
486562.242078997	9.40451990449726
494781.892764523	9.38327587170294
503129.913775507	9.36017229088097
511608.280040035	9.33543508842724
520218.966486189	9.30922067492352
528964.343027671	9.28172369464932
537846.384592564	9.2529128654883
546867.461094569	9.222569212626
556029.152476154	9.1905780349691
565334.223636635	9.15822189928809
574784.649504098	9.12482302639531
584382.405006626	9.08947771070724
594130.255043536	9.05363188115753
604030.569528529	9.01645482376746
614085.718375306	8.97895451784175
624297.676511952	8.93974064709804
634669.208837783	8.89984899716669
645203.080252117	8.85910230272169
655901.265683038	8.81717383943669
666766.925015481	8.77464058856887
677802.03317753	8.73103331837293
689009.355068501	8.68681430901276
700392.445558947	8.64151780453377
711952.884591334	8.59567212512324
723694.227036214	8.54884627273366
735618.842807287	8.50089426415538
747729.891789488	8.45204202578427
760030.138882134	8.40272750724928
772522.348984543	8.35246062206089
785210.076967266	8.30141863554508
798095.692744004	8.24973710353938
811183.146170925	8.19735693760181
824474.807161729	8.14398269552236
837973.835601352	8.09005580272067
851684.18134596	8.03567358133651
865608.609294871	7.98076999134647
879750.674318638	7.92482713993538
894113.93128781	7.8685401852444
908701.145101705	7.81210377155307
923516.660602108	7.75480883755738
938563.242688338	7.69767378993417
953845.236202177	7.63994090630955
969366.196014179	7.58203423314963
985129.282009276	7.52373827143066
1001138.83902925	7.46563695399121
1017398.42194466	7.40737227438859
1033911.98061167	7.34877044308749
1050683.85987207	7.29058570667111
1067717.6145964	7.23266165455766
1085017.58962645	7.17456728869963
1102587.73481839	7.11655981760924
1120432.78999962	7.05927183519497
1138556.31004069	7.00226191603717
1156963.034769	6.94542578641466
1175657.30902634	6.88917358963074
1194643.87264011	6.83354355938317
1213927.0704521	6.77831324506678
1233511.24730408	6.72365643621686
1253401.93299469	6.66996937297388
1273603.07738011	6.61669245303419
1294119.81527335	6.56445479451556
1314957.28148743	6.51282887516116
1336120.21584974	6.46218312878582
1357613.75317332	6.41221516159813
1379443.42325679	6.36327255266867
1401613.96592755	6.31549433362568
1424130.91098424	6.26851902223575
1446999.7882255	6.22255169015052
1470225.73246434	6.17780783639376
1493814.66848502	6.1341310503837
1517772.52107179	6.091549138446
1542104.42503766	6.05006905216206
1566816.30516689	6.00998275795117
1591914.48122934	5.97086620934723
1617404.87800927	5.93323034758399
1643293.81527656	5.89681448835851
1669586.82282982	5.86169509906633
1696290.61542455	5.82783742180037
1723411.90781624	5.7954465282123
1750957.01977474	5.76455022462776
1778932.27106994	5.73495039097651
1807344.77144293	5.70686600207302
1836201.2356492	5.68036657373141
1865508.37844424	5.65545905753309
1895273.70455475	5.63204960712901
1925503.92873624	5.61045104368269
1956206.55571541	5.59054171451942
1987388.69523338	5.57241199019756
2019058.24700247	5.53749767255703
2051222.71574941	5.53749767255703
2083889.60620091	5.53749767255703
2117067.21305493	5.53749767255703
2150762.64605257	5.50992770067801
2184984.98986301	5.50992770067801
2219741.74921298	5.50992770067801
2255042.00877166	5.50992770067801
2290893.27326577	5.50992770067801
2327305.02235012	5.50992770067801
