B10K-DU-001-71_Dyaphorophyia_castanea
0	1.12397140542486
1279.85484082907	1.12397140542486
2577.96724001519	1.12397140542486
3894.33719755836	1.12397140542486
5228.96471345858	101.9843890735
6582.76266563369	161.087998567264
7954.81817616586	192.934918680956
9346.04412297293	202.251356606745
10757.3533839727	192.028419664943
12188.7459591653	166.37266329118
13639.3089706328	133.158001392085
15110.8681742109	102.99636915835
16602.5106919817	80.453294773011
18115.1494018631	66.3259842595282
19649.697181773	59.4665239051051
21205.2411537935	57.3268568599734
22782.6941958425	54.2363611241776
24382.0563079199	49.5951619723595
26004.2403679436	55.9923944535116
27648.3334979958	83.7018889740785
29316.1614539121	128.242772038897
31007.7242356926	171.140662444742
32722.1089654195	204.683835072894
34461.1413989283	232.467180261594
36224.8215362191	256.858919864047
38012.2364993742	277.684883231008
39826.1249221469	294.227325816211
41664.6610487016	305.873930603973
43528.7577569562	310.563142862345
45419.3279248286	308.515497368893
47335.4586744008	299.97157362363
49279.8886394264	286.29994860873
51250.7920640697	268.852613155146
53249.0818262487	250.200035225944
55276.5836817988	231.05244259647
57331.4718748846	212.974619243657
59415.5721613417	195.789300007154
61528.88454117	179.361204425719
63671.4090143696	164.020813436172
65844.0584588583	149.118226168234
68047.745752554	134.765176958859
70281.5580175388	121.323980590937
72547.3210096485	108.746142113625
74845.034728883	97.2448080253784
77174.6991752423	86.7753381296703
79536.3143487265	77.4155449254596
81931.7060051712	69.1224693174081
84360.8741445765	61.8019161007075
86823.8187669423	55.3774968939662
89321.4527501865	49.7242212884394
91853.776094309	44.7403880160506
94421.7016772278	40.352157116318
97026.1423768607	36.4833436532168
99666.1853152899	33.0565527261723
102344.569126269	30.0208587475902
105059.468053962	27.3480363497457
107812.707854205	24.9912502676812
110604.288526997	22.9110535155477
113435.122950258	21.0800666300401
116306.124001904	19.4656848142231
119217.291681935	18.0456040313094
122168.625990352	16.7857204132403
125161.95268299	15.6792238940547
128197.271759849	14.699431007755
131274.583220929	13.8407630682316
134395.712822067	13.0877582276111
137559.747685343	12.4270961681963
140769.426444512	11.8518383322157
144022.923343738	11.3548427165311
147322.977016775	10.9270078178929
150668.674585704	10.5633867015936
154060.928928443	10.2526827959527
157501.565800829	9.9951637922424
160990.585202861	9.78439439228257
164527.987134539	9.61539553841314
168114.684473781	9.48510484248187
171752.502976423	9.38980674963273
175440.529764547	9.32590348916939
179180.590593988	9.29175679050693
182973.598342665	9.28416506603165
186819.553010577	9.30234665722916
190719.367475642	9.34617307228888
194673.041737861	9.41069737650336
198683.314430987	9.49768633226813
202749.272677101	9.60401330552565
206871.829354123	9.73189478000849
211052.810217887	9.87719760247622
215292.215268393	10.04163499707
219591.870261478	10.2222516521463
223950.862319223	10.4208892836569
228371.017197465	10.635438484378
232853.24777412	10.8655030712271
237398.466927107	11.1111579977602
242007.587534344	11.371353914191
246681.522473748	11.6464441729986
251420.27174532	11.9341266292433
256225.661104895	12.2346475588954
261098.603430391	12.5487993281202
266040.011599727	12.8733910569549
271050.798490818	13.2085191142574
276130.964103667	13.5545475601577
281283.247072026	13.9105019984256
286507.647395895	14.2751510492096
291805.077953193	14.6462461058245
297177.364499754	15.0244296273232
302624.507035579	15.408684386872
308147.418438587	15.7993851522517
313748.837342529	16.1916599423111
319428.763747407	16.5868043828068
325187.19765322	16.9842402605912
331027.790571639	17.3801449442995
336949.629624748	17.7748824940617
342953.627690463	18.1686242322919
349043.436280456	18.5586397080151
355217.229638892	18.9408814291981
361478.659277442	19.3180798468157
367827.725196105	19.6867335590296
374265.340272801	20.0456111859882
380793.330263363	20.3930530418049
387412.608045711	20.7279990690424
394124.99937568	21.0486932129561
400932.330009105	21.3552425500548
407833.687068069	21.647775572149
414832.722064244	21.9168481311609
421929.434997628	22.1710370554469
429126.564501977	22.4057701780805
436424.110577289	22.6208440536948
443822.986101482	22.8129821411201
451326.842586229	22.9841225251659
458935.680031529	23.1317596155259
466651.324193217	23.2571462073533
474474.687949213	23.3589010136842
482407.59705535	23.4396152860322
490451.877267465	23.4965692810731
498609.354341395	23.5273644850096
506880.941155055	23.5376545375071
515269.376342201	23.5236168072009
523774.659902832	23.4875855619832
532398.617592783	23.4316595014269
541143.988045809	23.3534508193853
550012.597017746	23.2541159421537
559005.35738651	23.135560831589
568123.182030019	22.9968217991119
577369.722459947	22.842192612726
586745.891554208	22.6693068815864
596253.515068641	22.4811841632419
605894.418759081	22.2776317199765
615670.428381362	22.0606197595525
625583.369691321	21.8299020059996
635635.981322712	21.5877270660031
645829.176153452	21.3349836745861
656164.779939377	21.0719609383225
666646.444192158	20.8007468491342
677274.168911796	20.5215769753407
688050.692732044	20.2360039263197
698978.754286655	19.945687387958
710060.179331465	19.6485714912864
721296.79362231	19.3485859441783
732691.335792944	19.0460412685095
744245.631599202	18.7416655845399
755961.50679692	18.4342275124181
767841.700019851	18.1273997763965
779888.949901749	17.8201009037361
792105.08219845	17.5146865776309
804491.922665789	17.209432866289
817053.122815438	16.9060315785496
829789.595525315	16.6058854166784
842704.992307091	16.3087266894032
855802.051794519	16.0136024157955
869082.599743436	15.7237463064218
882549.374787595	15.437252399425
896204.202682831	15.1552771211003
910051.647818734	14.8777990561461
924092.623073222	14.6060388767628
938329.867080048	14.3381869899515
952767.944228802	14.0768453548763
967407.767397401	13.8206969304789
982252.988097517	13.5700843615874
997306.344962903	13.3251575553142
1012571.48950523	13.0863448176947
1028049.33460242	12.8534212880601
1043745.35752197	12.6263869664107
1059661.38401973	12.4056380358289
1075800.15272944	12.1905641602145
1092165.31516278	11.9817328450643
1108759.6099535	11.7788656914553
1125587.60149119	11.5819734070385
1142651.11553169	11.3911309453699
1159952.89070875	11.2062633528935
1177498.40428987	11.026931615923
1195289.4820309	10.8534783792867
1213330.68832141	10.6854539216475
1231623.84891726	10.5237255627269
1250174.44108594	10.3672439527384
1268985.2034612	10.2159876763804
1288058.87467681	10.0699674413035
1307400.93200027	9.92919395515885
1327013.20118741	9.79406340102895
1346901.15950574	9.66330156845887
1367067.54558902	9.53808629904563
1387516.92382683	9.41711125938164
1408252.94573085	9.30115810798126
1429280.17569066	9.18998056887423
1450602.26521794	9.08307538246908
1472222.86582436	8.98068882473611
1494146.5418995	8.88261745030855
1516377.85783296	8.78851861435819
1538921.37801432	8.69880991526941
1561780.75395527	8.61290243224372
1584960.55004537	8.53106385655316
1608465.33067424	8.45288729746422
1632299.66023145	8.37829780142073
1656468.10310659	8.30750952144032
1680976.13656717	8.24009415148771
1705826.49924695	8.17609452216644
1731026.49416927	8.11556417173092
1756579.77284579	8.05821399360732
1782490.89966611	8.00387266538155
1808765.35189774	7.95280787832565
1835408.60680818	7.90471981821492
1862425.22878702	7.85928725552291
1889820.69510177	7.81688495803048
1917600.48301994	7.77726664976736
1945769.15693111	7.7402717159703
1974333.10698071	7.70584661838491
2003297.81043625	7.67394852640765
2032668.74456524	7.64464168594382
2062451.38663517	7.61759415981608
2092652.12679148	7.59292373218412
2123275.52942376	7.57059828009531
2154328.89755534	7.55041435818288
2185817.70845375	7.53242550470124
2217747.43938647	7.51648181253805
2250125.39337686	7.50257257404243
2282957.96057034	7.49060142035644
2316249.7053565	7.48071825859242
2350008.8436366	7.4726768127801
2384241.76555606	7.46642354466505
2418953.9483824	7.4613588257979
2454153.60801687	7.4576861015454
2489846.22172698	7.45560881727431
2526039.09253608	7.45491281996698
2562740.43634541	7.45406691554731
2599955.7304225	7.4552554647952
2637693.1906686	7.45731133376453
2675960.12010706	7.4601167382956
2714762.90888329	7.46331832590929
2754109.77289857	7.4664556676177
2794008.92805414	7.46951805576993
2834467.67737336	7.47177737010602
2875493.32387957	7.47245195211158
2917094.08347402	7.48145708650328
2959278.17205798	7.49140449417258
3002053.80553271	7.50211214505451
3045430.11267738	7.51347296264023
3089413.48363743	7.54478213381898
3134013.96006994	7.54478213381898
3179240.6707541	7.54478213381898
3225100.91871326	7.54478213381898
3271603.83272657	7.61648056412436
3318759.45445116	7.61648056412436
3366575.99978827	7.61648056412436
3415062.59751708	7.61648056412436
3464230.20217261	7.61648056412436
3514086.1167782	7.61648056412436
