B10K-DU-015-11_Emberiza_fucata
0	1.55544093000126
882.83369694382	1.55544093000126
1774.72632174807	1.55544093000126
2676.50141330916	1.55544093000126
3587.33543273067	5.77793073874699
4508.05191890902	5.38931496261196
5439.47441074061	4.64501018607483
6379.95583043263	4.4195116613585
7331.14325577788	4.60258453443351
8292.21314787997	4.76157097216935
9263.98904563529	4.9436660197832
10245.6474101475	5.25862559638478
11238.0117803128	5.6511726299861
12241.0821561315	6.04234272569313
13254.8585376033	6.3988698622048
14279.3409247285	6.73554115516844
15314.5293175068	7.05093975544646
16361.2472548348	7.34644260093313
17419.4947367124	7.64990773946067
18488.4482242433	7.99366327811231
19569.7547952202	8.41630338917134
20661.7673718503	8.95289009988792
21765.3094930301	9.61326153173861
22881.2046976559	10.3689809238632
24009.4529857277	11.2143808797112
25149.2308183492	12.1266920349728
26301.3617344168	13.0850208537739
27465.8457339304	14.0510924537776
28642.68281689	15.0041729440831
29831.8729832957	15.8949120723342
31034.2397720438	16.7131324714863
32249.7831831343	17.4548829284515
33477.6796776709	18.1230769639914
34718.75279455	18.7200693414617
35973.8260726679	19.2548201349859
37242.0759731282	19.7227595072047
38523.502495931	20.1539007130894
39818.9291799726	20.5519355426462
41128.3560252531	20.9321699576855
42451.7830317724	21.3073356448242
43789.2101995306	21.6764348229794
45140.6375285276	22.0510417527117
46506.8885576599	22.420360442705
47887.9632869274	22.7986791180654
49283.8617163302	23.1804900272156
50694.5838458682	23.5640171198283
52120.9532144379	23.9751827484349
53561.3227442464	24.386907134448
55018.163051983	24.8285649529455
56490.6505987513	25.2869056711477
57978.7853845512	25.7793305911388
59482.5674093827	26.3017088992361
61001.9966732459	26.844142607098
62538.7202539336	27.4280041855184
64091.0910736529	28.0309233826205
65660.7562101966	28.6437206124426
67246.8921246685	29.234546702821
68850.3223559647	29.8722685040918
70471.0469040855	30.5050013999485
72108.2422301343	31.1749714858158
73763.555411904	31.8742962911396
75436.9864493945	32.6367407277624
77127.7118037095	33.4444245586799
78837.3785526417	34.3101592929957
80564.3396183984	35.2008984212469
82310.2420787724	36.1185576831124
84075.0859337636	37.0651126851363
85858.8711833721	38.0088938557499
87661.5978275979	38.9645885324923
89483.2658664409	39.9202832092348
91324.6988387976	40.8539069684254
93185.896744668	41.785375520477
95067.6831229484	42.7119349896013
96969.2344347426	43.6201352868017
98890.5506800503	44.4941116928616
100833.278936665	45.3570326845238
102795.772126792	46.1851510720175
104780.500867123	46.9827573139986
106785.818079864	47.7450421056481
108812.547303911	48.4679943670129
110861.512078162	49.1552061099914
112931.888863718	49.7993735770571
115025.324738374	50.356554489323
117140.172624337	50.8852188182421
119278.079599398	51.3548344626801
121439.045663559	51.763545549823
123623.07081682	52.0894208514706
125830.155059179	52.367342794278
128061.121929535	52.5753202831801
130316.794966782	52.7219741467324
132595.527093128	52.7747966772566
134898.965386367	52.7773509968286
137227.109846498	52.7009010102633
139580.784012417	52.5547460372524
141959.164345228	52.3518572318727
144363.074383828	52.0816780702679
146792.514128217	51.7488582122839
149248.30711729	51.341424284927
151730.453351048	50.8852587294854
154238.952829491	50.3619025959269
156774.629091515	49.7949633846711
159337.482137121	49.1834433146351
161927.511966308	48.4982470894439
164545.542117972	47.7804832897097
167191.572592114	47.0165022702194
169865.603388734	46.2279558804702
172568.458046728	45.3889417235523
175300.136566097	44.524683705239
178061.462485735	43.6456585269001
180852.435805644	42.7342852858563
183673.056525824	41.7984065414186
186524.148185171	40.858456850163
189405.710783684	39.9019439929326
192317.744321364	38.9398036503952
195261.895876004	37.9704992396831
198236.518369811	36.9995983792386
201244.082419474	36.0287374300373
204282.940947201	35.0622467619788
207354.741030783	34.1007050880911
210459.482670222	33.1458086362149
213597.989404413	32.2024265780344
216769.43769446	31.2727141206884
219974.65107926	30.3547355688764
223214.453097709	29.4557348132596
226489.667288703	28.5671309365256
229799.470113346	27.6980835690149
233144.685110534	26.8484530213757
236526.135819164	26.0172814237687
239942.998700339	25.2074822969555
243396.920831853	24.4155434515248
246887.902213704	23.6462542366739
250416.76638479	22.8975592233724
253982.689806215	22.1687799204839
257587.31955577	21.4628498043918
261230.655633456	20.7782123366071
264912.698039273	20.1142488928583
268634.270312117	19.4713785412002
272395.372451989	18.8513374207169
276196.827997784	18.2521299692428
280039.4604884	17.6725987607218
283923.269923835	17.1137814874801
287848.256304091	16.5734431198922
291816.06670696	16.0549960692612
295825.877593545	15.5554469923387
299878.512502744	15.0729599719324
303974.794973451	14.6108276856155
308115.548544565	14.1665756363027
312299.949677187	13.7382481730716
316529.645449112	13.3280204586828
320803.812321443	12.9341962652955
325124.920910868	12.5563964360982
329491.324139596	12.1935433675214
333904.669085419	11.8455572370787
338365.779287233	11.5122185329316
342874.654745038	11.1933875657287
347432.118997731	10.8872882851426
352037.348506416	10.5938807799298
356692.813887781	10.3135242512803
361398.515141827	10.0453206962194
366153.628729657	9.78867144609759
370960.62526796	9.54287805415679
375818.68121784	9.30730194050403
380728.620118194	9.08256172941064
385691.265507917	8.86748003919891
390707.440925907	8.66185731365226
395777.146372162	8.46517470660765
400901.205385581	8.27725261747016
406079.617966162	8.09783162315826
411314.031191698	7.92611349880569
416604.44506219	7.76205833316915
421951.683116533	7.60536679192378
427356.568893625	7.45548011766322
432819.102393465	7.31255795536071
438340.107154949	7.1759417695016
443920.406716975	7.04555173759926
449560.001079541	6.92092888035559
455260.537320442	6.80189359717568
461022.015439676	6.68832615432961
466845.25897614	6.57978752814093
472731.091468731	6.47617794050136
478679.512917448	6.37741756892427
484692.170400085	6.282847877895
490769.063916642	6.1927282904951
496911.017006014	6.10677942802136
503118.853207098	6.0247219117706
509393.396058792	5.94653578612117
515734.645561093	5.8720214948565
522144.248791796	5.80066019181353
528622.205750901	5.73265143320882
535170.1635162	5.66783557406912
541788.122087693	5.60627248125939
548476.905004277	5.54728366364333
555237.335804847	5.49104872181585
562070.238028301	5.43768738950687
568976.435213535	5.38668082055333
575956.750899446	5.33806892619855
583011.185086032	5.29179183957757
590142.208389984	5.24770987133877
597348.997272405	5.20574319899555
604633.198811088	5.16577208881796
611995.636544929	5.12787636329262
619437.134012825	5.09169682122972
626957.691214776	5.05729332949424
634558.955228574	5.02466588808617
642242.573132012	4.99361494078895
650007.721386194	4.9642203100892
657856.047068913	4.93620261728374
665789.197257961	4.90962172923753
673806.348414443	4.8845574684372
681909.971155046	4.86055085558466
690100.889018669	4.83794113624806
698379.10200531	4.81656866545415
706745.433653866	4.79639353195962
715202.354581027	4.77717626830459
723749.864786792	4.75913638632728
732387.964271161	4.74207432981113
741119.94718972	4.72597014313449
749944.990003572	4.71084378191901
758863.916251615	4.69653560119143
767879.196550537	4.68310546781673
776990.830900337	4.67055338179491
786200.46637881	4.658819476261
795508.926524851	4.64780397310672
804916.211338461	4.63746696108875
814424.791436328	4.62774857334212
824035.490357348	4.61874858797512
833749.131640419	4.61046700498775
843566.538824438	4.60272422378511
853490.182526092	4.59532068815061
863519.239206485	4.58869542176072
873655.355943411	4.58264886839886
883901.003353558	4.57694156060515
894256.181436927	4.5717131877312
904722.537271311	4.56690388291203
915300.894395605	4.5623939124177
925992.076348706	4.5584626549514
936798.553747304	4.55461121997174
947720.326591398	4.5513384980201
958759.041958782	4.54820546542006
969917.170466143	4.54533185590155
981193.888574587	4.54275758070789
992591.666900802	4.54046268421741
1004111.32898368	4.53822765459191
1015754.52190103	4.53629195929124
1027522.89273062	4.53441613085555
1039417.26501137	4.53271990301476
1051439.28582106	4.53104363079563
1063589.77869859	4.52934740295485
1075870.39072174	4.52781082008731
1088282.76896833	4.52623432597646
1100828.56051613	4.52457800937899
1113508.58890404	4.52278200342992
1126323.67767097	4.52084630812926
1139277.12097249	4.51885074596363
1152368.9188086	4.51647602698652
1165601.541796	4.50937182567688
1178974.98993469	4.50937182567688
1192492.55738024	4.50937182567688
1206155.06767157	4.50937182567688
1219963.34434755	4.48506587849949
1233919.85802489	4.48506587849949
1248026.25578137	4.48506587849949
1262284.1846948	4.48506587849949
1276693.64476516	4.48506587849949
1291258.75368694	4.48506587849949
