B10K-DU-002-60_Erythrocercus_mccallii
0	1.8679250453088
838.431001613206	1.8679250453088
1686.84332467419	1.8679250453088
2546.56781204265	1.8679250453088
3416.93904228874	4.94728322031272
4297.95701541246	6.56587481685787
5190.28715284366	7.80182612734564
6093.92945458234	8.36364496530437
7008.8839206285	8.30166801756268
7935.15055098213	7.75990238817558
8873.3947670731	7.05829075327573
9823.6165689014	6.49410626336832
10785.1505350372	6.21311067825837
11759.3275083401	6.20579439044357
12746.1474888103	6.41185677508625
13744.9450550178	6.76009327518793
14755.7202069626	7.20753049144239
15779.8037875044	7.70782671216613
16817.1957966433	8.22726748044809
17867.2308129494	8.7630641469713
18930.5742578525	9.31797402791433
20007.2261313526	9.90536070680188
21097.1864334498	10.5564476560427
22201.1205855738	11.240638065996
23319.0285877248	11.9122012211768
24450.9104399026	12.5233227523972
25597.4315635372	13.0119943787771
26757.9265371986	13.3570505653318
27933.0607823168	13.5511436911083
29123.4997203216	13.6035953647785
30328.5779297831	13.5614992933473
31548.2954107014	13.469834196978
32783.9830059361	13.3877413743879
34035.6407154872	13.3641005214703
35302.603117925	13.4234141524486
36585.5356346791	13.5908114443141
37884.4382657497	13.8420562145197
39199.9764325667	14.168343851177
40531.4847137	14.5498248111138
41880.2939520095	14.9638765684103
43246.4041474952	15.4041698291112
44629.1498787271	15.8466094097919
46029.861988565	16.2866363388164
47447.8750555791	16.7042130741822
48883.1890797693	17.0850830379203
50337.8003254253	17.4134229951424
51809.7125282573	17.6726263824999
53300.9219525551	17.8524315971691
54810.0977554589	17.9538569661478
56338.5707798284	17.9524156417817
57887.0064470934	17.8698841552541
59454.0739143943	17.7088944901899
61041.1040245907	17.4887478598395
62648.0967776827	17.2250638336918
64275.7175951001	16.9195187346508
65923.301055413	16.6034300345405
67592.1780014812	16.287404000707
69281.6830118748	15.9888305249585
70993.1469294535	15.7156682244469
72725.2389113576	15.4742150599891
74479.2898004468	15.2771609526345
76255.965018151	15.1215449208048
78054.5991430403	15.0091059536809
79876.5230179744	14.9417867058432
81720.4058000936	14.9145895417179
83588.2437536874	14.9145895417179
85479.3714573261	14.9517193107138
87394.4543324395	15.0070536331161
89333.4923790274	15.079088518282
91297.15101852	15.163797657928
93285.430250917	15.2586744009825
95298.3300762186	15.3516868223026
97337.1813372843	15.4544751828014
99401.3186126845	15.5546002265368
101492.072745279	15.6590022436628
103608.112892207	15.7616182719004
105751.43531776	15.8670542825935
107922.040021936	15.9701246413378
110119.927004736	16.0695133563209
112345.096266161	16.1707820596076
114598.213227639	16.2673351255662
116879.9433106	16.3587965565359
119190.951936476	16.4477200032957
121530.573683834	16.5288414985956
123899.473974107	16.6030227037414
126298.318228722	16.6695899562577
128727.771869111	16.7282612578989
131187.169473843	16.7822325887812
133677.841885778	16.8241876610896
136199.789104916	16.8651087398311
138753.676552687	16.8951572195501
141340.169650521	16.9196284006352
143958.602976988	16.9417339297716
146610.307374947	16.9614738069593
149295.282844399	16.9760593828813
152014.194806773	16.990221961435
154767.04326207	17.0023008862856
157555.159053148	17.0122334911562
160377.87675858	17.0265214022635
163236.527221223	17.0414986424154
166130.445019648	17.0571182119044
169061.626418145	17.0738501078064
172029.405995284	17.0968329648178
175034.449172494	17.1212728127644
178077.421371206	17.1493473047647
181158.98801285	17.181009441111
184279.149097425	17.215115562252
187438.570046361	17.2544699840738
190637.916281088	17.2981483789939
193877.853223036	17.3450540871685
197158.380872205	17.3957511050886
200479.499228595	17.4465891221315
203843.204556496	17.5006074527214
207249.496855907	17.5562551065076
210698.376126829	17.6126704221845
214190.507790691	17.6677540794797
217726.557268923	17.7220544083151
221307.855404385	17.779347051867
224933.736775647	17.8287907442514
228605.532225569	17.8753361213345
232323.241754151	17.9227274931541
236087.530782822	17.9619722489916
239899.730154443	17.9972376962531
243759.839869013	18.0247168586239
247668.525347962	18.0486867094947
251627.11743415	18.0643376121221
255634.950706147	18.0729542251802
259693.356006813	18.0728915589034
263802.333336148	18.0668599297627
267963.878958441	18.0531203485773
272177.327452262	18.0281635038471
276444.009660471	17.997786026175
280764.591004499	17.9571626122482
285139.736905774	17.9071549233727
289569.447364297	17.8501286114972
294055.053222928	17.7844073537175
298597.885324526	17.7097091517882
303197.278247661	17.628086326274
307854.562835193	17.5369695598266
312571.069929982	17.4393981668703
317346.134110599	17.3322858332732
322182.417062761	17.2170738834016
327078.58794361	17.0954229735901
332037.308438866	16.9664557759638
337057.913127097	16.8313629497816
342141.732851164	16.69041082672
347290.098453927	16.5418134178904
352503.009935386	16.3890643682237
357781.13271697	16.2299546914631
363126.463062969	16.0660980442361
368539.000973383	15.8967894309286
374019.411869642	15.724206504659
379569.026594606	15.5476129366751
385188.510569704	15.3665073967626
390878.529216366	15.1845558621134
396640.413377453	14.9974500261986
402475.493895823	14.8088245330717
408383.105350047	14.6183817179181
414365.909425844	14.4264662452599
420423.906123214	14.2326864508673
426557.760863587	14.0390319890284
432769.469911254	13.8442025344996
439059.033266212	13.6496864113548
445427.781771323	13.4541832943507
451877.046269447	13.25919717413
458406.826760582	13.065229380907
465019.784930449	12.8722015818359
471715.920779047	12.6800511106398
478495.899727806	12.4897649611781
485361.718041017	12.3006538044061
492313.375718678	12.1136106347681
499353.534446509	11.9287294516792
506481.528803081	11.7455559246327
513700.020474113	11.5654217120104
521009.009459605	11.3877784838903
528410.492023846	11.2125322408573
535904.468166836	11.0401999796949
543493.599574295	10.8711106983562
551177.886246223	10.7046377340732
558959.32444691	10.5415800818752
566838.579597784	10.3818124092084
574816.982541707	10.2251467172426
582895.864121537	10.0718336710848
591076.555180134	9.92204560299624
599360.386560359	9.77540651531621
607748.68910507	9.63248040453577
616242.128235698	9.49296960584018
624843.365637962	9.35648245499953
633552.401311861	9.22388061331964
642371.231521687	9.09511708109291
651301.187110297	8.96915786475237
660343.598920553	8.84684895903463
669499.797795313	8.72798669854014
678771.114577437	8.61241441757694
688159.545531215	8.50050811380573
697666.421499508	8.39164112445866
707293.073325173	8.2864401123036
717040.831851071	8.18383975063516
726911.027920062	8.08515603126588
736906.323217865	7.98933929405956
747026.71774448	7.89687520266132
757274.873185627	7.80727809342605
767652.785805595	7.72098663029126
778160.455604384	7.63793814698017
788801.209689143	7.55753731386329
799575.713481303	7.48022279487815
810485.963245152	7.40575959148678
821533.289823551	7.33436703565794
832720.354902219	7.26582579542289
844047.823902585	7.19975987312089
855518.35851037	7.13670193210463
867133.289568432	7.07621330843662
878893.947919632	7.01832533525524
890803.660671118	6.96294401314531
902863.093244322	6.91030434064479
915074.241903531	6.86029665176929
927439.102913036	6.81249794915051
939960.337958557	6.76698656563443
952638.612461522	6.72390350034382
965476.588107652	6.68310775415592
978476.926582666	6.64456799393232
991640.958729423	6.60815888711945
1004970.01539078	6.57380210087134
1018467.4236739	6.54177963343352
1032135.17984305	6.51151182174572
1045974.61474111	6.48329633062267
1059989.05547522	6.45716449320277
1074179.1674668	6.43266197897931
1088548.94324445	6.40997678678266
1103099.04822959	6.38935958171995
1117832.14410794	6.37013670131574
1132751.55798665	6.35291914176869
1147858.62070857	6.33703324060336
1163155.99395943	6.32277666263447
1178646.33942495	6.3102120741388
1194331.65336942	6.29897914402485
1210213.93205712	6.28917187170779
1226297.16801663	6.28089992317199
1242582.69209083	6.27395963301791
1259073.16596541	6.26822566869196
1275771.25132611	6.26374502990173
1292680.27528007	6.26051771664724
1309801.56867016	6.25846539608249
1327139.12402495	6.25735306966953
1344694.93760873	6.25736873623872
1362471.67110722	6.25851239579008
1380472.65162757	6.26056471635483
1398699.87543406	6.2634630316562
1417157.33505529	6.26705067600221
1435847.02675554	6.27159398106922
1454771.61222052	6.27671694919651
1473935.08397882	6.28245091352246
1493340.10371616	6.28873320777029
1512989.33311825	6.2955481653708
1532886.09929225	6.30258245494007
1553033.7293453	6.32053634323935
1573434.88496313	6.32053634323935
1594092.89325287	6.32053634323935
1615011.74674312	6.32053634323935
1636193.44169816	6.35031849128206
1657642.636068	6.35031849128206
1679361.32611694	6.35031849128206
1701354.16979497	6.35031849128206
1723623.16336639	6.35031849128206
1746173.63020263	6.35031849128206
