B10K-CU-031-07_Geococcyx_californianus
0	0.65703124627257
32.0167984137931	0.65703124627257
64.8206764552586	0.65703124627257
98.3982937917241	0.65703124627257
132.776331088534	0.69617528039649
167.994809343707	0.714397388773214
204.040388224569	0.73206004190681
240.96642906181	0.747175079355796
278.772931855431	0.762460358744963
317.486577270776	0.775952188023745
357.134045973189	0.786768253604481
397.728678295345	0.798921993674995
439.297154902586	0.808181828121676
481.866156460258	0.817284898979104
525.462363633707	0.825362371010544
570.099116755603	0.832499261506466
615.803096491293	0.838525328526687
662.614323838793	0.844428431514597
710.532798798103	0.84907203444811
759.611882699913	0.852757015591786
809.878256209569	0.855274356826619
861.331919327068	0.857968575497475
914.039573715775	0.859251299787316
968.001219375689	0.860220704257897
1023.25687730483	0.860689336151696
1079.84656850121	0.860080944126737
1137.79697363017	0.85934150105891
1197.1214330244	0.85775914265998
1257.88664834724	0.855505562384843
1320.10595993138	0.853308176465113
1383.81938877483	0.850428993347678
1449.05361554293	0.847636901113161
1515.86200156638	0.844127967968528
1584.28456784319	0.839869638512306
1654.33465470603	0.835671443237147
1726.0656234856	0.831617569996539
1799.51749517991	0.827431194198347
1874.74363111965	0.822790079575775
1951.77071197017	0.818475970482636
2030.63875872948	0.813812253702353
2111.41447306095	0.809065385864808
2194.12453562991	0.804264811982796
2278.8089674344	0.799811150117743
2365.53447013776	0.794947331665993
2454.34106473802	0.79044556245609
2545.28211256586	0.785903772911893
2638.41097495198	0.781601898014212
2733.7676728944	0.777288203639563
2831.40556772379	0.772879124012194
2931.40470143621	0.769073045069413
3033.79175469698	0.765114142363035
3138.63342916948	0.761380017078284
3246.00976684974	0.757848274416696
3355.9474484031	0.754417930425935
3468.5265158256	0.751308371187256
3583.8136707806	0.748310163863166
3701.86227459879	0.74561055385194
3822.7523692762	0.743051740768098
3946.53731614353	0.740671049275748
4073.29715719681	0.7386020187287
4203.09859409939	0.736848381593364
4336.02166884733	0.735171260019449
4472.11974277129	0.733710828856604
4611.49953853267	0.732712186732473
4754.21441746215	0.731830287863301
4900.37110222112	0.731202196710063
5050.02295414026	0.730888254813067
5203.26335554827	0.73090650242663
5360.19902910655	0.731158236550114
5520.88333614577	0.731761651953192
5685.43633966	0.732650601036695
5853.93808164526	0.733896415380919
6026.48194443026	0.735327401530967
6203.17465067638	0.737201721746919
6384.09624237965	0.739477904179766
6569.38012286681	0.742035680467382
6759.0929938012	0.744888943679187
6953.36825850957	0.748248785526633
7152.2992993206	0.751904736376002
7356.01951956103	0.756160162802794
7564.62230155957	0.760644721195358
7778.22770831026	0.765645189389592
7996.96914313983	0.770982201638533
8220.95332870965	0.776955184692023
8450.31366834646	0.783284410928498
8685.18356537698	0.790160650853399
8925.69642312793	0.797488933932496
9171.98564492603	0.805427889988248
9424.17129376534	0.814032261861345
9682.4267939706	0.822888367857925
9946.87220853586	0.832590084855795
10217.6676214532	0.842772667942921
10494.959776382	0.853545395441443
10778.9087573143	0.865086181583607
11069.6879885749	0.87726127965636
11367.4308734905	0.890089559351002
11672.3241767185	0.903589475640341
11984.5413225837	0.917908668306848
12304.2423950781	0.932943665087248
12631.6274991918	0.948732620082626
12966.8700592496	0.965383360100408
13310.1568399088	0.982897544014552
13661.6879461596	1.00124012811265
14021.663482992	1.02059006342316
14390.2702150634	1.04065061886645
14767.7349280294	1.06181868003751
15154.2443865472	1.08377532841748
15550.0520569378	1.1069093625908
15955.3447038584	1.13098066055172
16370.3757936298	1.15621068197395
16795.3587715749	1.18237630830982
17230.5471040144	1.20993310782068
17676.194257269	1.23846304426854
18132.5270169943	1.26837440800688
18599.8121898436	1.29929727014254
19078.3165824704	1.33151177301559
19568.3203418609	1.36515809147566
20070.0769343357	1.40019931557714
20583.866506881	1.4364065207135
21110.009227481	1.47429520196792
21648.7719027891	1.51341331618621
22200.4613604568	1.55416231086677
22765.3977684682	1.59633855923097
23343.9012948074	1.6403209066195
23936.2921074586	1.68567970467663
24542.9037147386	1.73267228622546
25164.0696249642	1.78132187550144
25800.1500271176	1.83203593342108
26451.5051101808	1.88427864369518
27118.4817228035	1.93816384654927
27801.4800749658	1.99396836657549
28500.8736959824	2.05174632453679
29217.0494555009	2.11133556550355
29950.4209038342	2.17278004963571
30701.4015912951	2.23628298899343
31470.3917278637	2.30162022823281
32257.8582251836	2.36869638210112
33064.2279739003	2.43796826301521
33889.9412049921	2.50952545016892
34735.4915107676	2.58283399350628
35601.332462538	2.65778544414212
36487.957652612	2.7351364559616
37395.8606732984	2.81473690087133
38325.5617975716	2.89566485966782
39277.5812984058	2.97913483544931
40252.4527891077	3.06412682808942
41250.7232233171	3.15120672096787
42272.9528950062	3.23996000295383
43319.7287788125	3.33062492981986
44391.6378493736	3.4230922232438
45489.2670813271	3.51763767102157
46613.2568106414	3.61307580034926
47764.2073522865	3.71034014254805
48942.7990632289	3.80919202712689
50149.6856197695	3.9093110840522
51385.534038542	4.01069876483869
52651.0646975105	4.1132401924646
53946.9579536414	4.2165370298202
55273.9608655645	4.32049347693429
56632.8204919092	4.42554395142524
58024.3105719707	4.53088016695585
59449.1915047112	4.63646542093976
60908.2770504238	4.74261303319623
62402.3809694014	4.848225243882
63932.3570429352	4.95406969692221
65499.0590523162	5.05930617265596
67103.3807998333	5.16327381716928
68746.2027474431	5.26728770279425
70428.4587184325	5.36980258843679
72151.0958764213	5.47118778091234
73915.0880656945	5.5708655773642
75721.42247087	5.66885754315384
77571.1262975636	5.76498451989357
79465.2134110582	5.85863915235463
81404.7777186332	5.95006176990204
83390.9131275675	6.03868068309721
85424.7135451403	6.12462984601245
87507.3262399615	6.20715799610294
89639.9385016389	6.28628130738982
91823.7509601131	6.3623166247995
94059.9775856571	6.43467504807607
96349.885709875	6.50288400550006
98694.7693450358	6.56670855904684
101095.935843742	6.62666586267355
103554.732579592	6.68279572935524
106072.560287518	6.73401678062901
108650.833042783	6.7809985794971
111290.991601315	6.82305352270295
113994.530080374	6.86049741837675
116762.955937551	6.8934876521855
119597.843332102	6.92153299007769
122500.793103948	6.94475971383355
125473.40609301	6.96363935837631
128517.389861868	6.97779888442413
131634.438632774	6.98718230498086
134826.313329639	6.99216659915398
138094.814897374	6.99262465572628
141441.770961556	6.98863796688107
144869.062509091	6.98056547147151
148378.623888217	6.96823526868346
151972.442808502	6.95225346959019
155652.53366018	6.93236211929087
159420.950854481	6.90869558657627
163279.828844634	6.88214116165595
167231.342104865	6.8518324976041
171277.718470728	6.81874584174641
175421.212458447	6.78249861627575
179664.185306905	6.74403969709745
184008.998254983	6.70272108657076
188458.105923895	6.65936828185018
193014.016296181	6.61395743662255
197679.290715716	6.56685827242176
202456.557228037	6.51782009192057
207348.497240009	6.4673774672527
212357.872200496	6.41587834723133
217487.496919693	6.36333849115908
222740.252909456	6.30982052152796
228119.088383306	6.25560914258142
233627.058277424	6.20080990017517
239267.24420866	6.14592066385658
245042.807835854	6.09086201503478
250957.030880846	6.03566111777088
257013.208405805	5.98078722603642
263214.768876228	5.92601763600222
269565.194118943	5.8717907051123
276068.059343105	5.81827252812193
282727.0331402	5.76534262930976
289545.837463043	5.7133325761086
296528.341008109	5.66236553991001
303678.452492871	5.61227667011418
311000.200697797	5.56372433232413
318497.694445349	5.51641345433415
326175.175961317	5.47044294650414
334036.954173154	5.42604525854779
342087.444730976	5.38311152686145
350331.196688223	5.3422889196489
358772.8258	5.30312166128953
367417.107905403	5.26592473047658
376268.885545193	5.23074188001073
385333.148003789	5.19765978605642
394614.991288273	5.16680742606408
404119.644809051	5.1382382987189
413852.458039525	5.11218402429763
423818.900516091	5.08857513745315
434024.588518805	5.06761671647883
444475.258390714	5.04950181283179
455176.806558861	5.03407428500052
466135.222832615	5.02180089864562
477356.71046667	5.01254002740271
488847.552757713	5.00672152698678
500614.246447756	5.00425104894133
512663.381661139	5.00545539143654
525001.761967526	5.01065222883584
537636.310999573	5.01981170140791
550574.16583526	5.0334310566224
563822.583615561	5.09133736995638
577389.02158644	5.09133736995638
591281.123758517	5.09133736995638
605506.694226407	5.09133736995638
620073.750530045	5.32215703262532
634990.483633693	5.32215703262532
650265.297946933	5.32215703262532
665906.771303675	5.32215703262532
681923.721663815	5.32215703262532
698325.140411573	5.32215703262532
