B10K-CU-031-08_Glareola_pratincola
0	0.914745836733844
1681.97667385177	0.914745836733844
3384.73452668548	0.914745836733844
5110.8712058739	0.914745836733844
6859.08788773064	3.94002499615181
8629.3845722557	5.47504715670032
10423.0600831355	6.94095878160433
12240.1144203699	8.23375710720381
14080.5475839591	9.31228244588795
15944.3595739029	10.1795000473578
17831.5503902015	10.8814892180461
19744.7176802274	11.4802169374996
21682.5626202945	12.0639836243709
23645.0852104026	12.7331191762132
25632.2854505518	13.5742729067317
27646.7609881148	14.5981433020636
29685.9141757189	15.7150821027832
31752.3426607368	16.8304371905944
33844.7476194821	17.8394813374214
35965.7266993276	18.7307578966924
38112.6822529006	19.5470945089748
40288.2119275737	20.3986097654372
42491.0168996606	21.3706388350309
44723.6948165341	22.4727850832649
46983.6480308214	23.6740818683755
49274.7730135817	24.8643432071558
51594.4721174421	25.948546325097
53944.0441660891	26.8405978928125
56324.787983209	27.5248124133046
58735.4047451155	27.9839038286573
61177.1932754949	28.2191862836245
63651.4523980336	28.2510121738811
66156.8832890452	28.1029013209189
68696.0835959025	27.7954588405579
71266.4556712327	27.3756401357336
73871.895986095	26.8772423138331
76509.8068931166	26.3094643881336
79182.7860396702	25.7195144817154
81889.5346020695	25.1237014679338
84631.3514040008	24.5200878256775
87409.5352691506	23.9190519288999
90222.7873738324	23.3187741925572
93072.4065417326	22.7194567927654
95959.6915965376	22.1371895787543
98883.343714561	21.5745671440121
101845.960543176	21.0387498926465
104846.243258695	20.5377237812384
107885.490684805	20.0694333526087
110965.001645194	19.6387139855313
114083.477316173	19.2409661733677
117242.216521429	18.8793910379541
120442.51808465	18.5504336492513
123683.083182148	18.2417444161752
126966.509461297	17.9571141409002
130292.796922096	17.6938808378993
133660.646740858	17.4433340861759
137073.955388644	17.208691855576
140530.12521808	16.9833328783013
144031.753876539	16.7693631555599
147578.841364021	16.5686528164247
151171.387680526	16.3758273458125
154810.69164974	16.1939362334726
158496.753271664	16.0168131078679
162230.871369984	15.8535390462075
166013.045944699	15.6990427975825
169844.575819496	15.5569466840706
173725.460994376	15.4263746091694
177657.000293024	15.3039906669652
181639.193715441	15.195876988947
185672.041261626	15.1005341022546
189758.140578952	15.0163277499505
193897.49166742	14.9449258849916
198090.094527029	14.8897486533398
202335.949157779	14.8459438282117
206637.653207043	14.8168304675111
210995.206674821	14.8019199789579
215408.609561113	14.7998645217788
219880.459513292	14.809451039278
224409.457707671	14.8340491333884
228996.902967937	14.8687560332976
233642.79529409	14.9185587498664
238349.732333502	14.9784534242243
243119.01290986	15.0476481999172
247948.039375791	15.1295800709165
252840.708202355	15.2192957223809
257795.720565864	15.3202995403206
262815.674113692	15.4314795560978
267900.568845838	15.5490281195282
273051.70358599	15.6790610581202
278269.078334146	15.8146538399015
283553.991913994	15.9587885625828
288906.444325533	16.1122570826183
294329.033216136	16.2716224060364
299821.758585803	16.4387209658907
305385.919258221	16.6146141867899
311022.814057076	16.7956628986465
316731.144158681	16.9837877745622
322514.806034095	17.1747936601307
328372.500859633	17.3755713913046
334305.527458981	17.5789268679572
340316.48347951	17.7875220756155
346404.070097536	18.000733637922
352572.183784117	18.2185615548766
358818.22689188	18.4387818892035
365146.095891884	18.6623381294441
371555.79078413	18.8878992828348
378048.610392304	19.1150778451532
384625.853540092	19.3459629695979
391287.520227494	19.5781453907868
398036.208101883	19.8087104030479
404871.917163259	20.0401683598212
411795.946235308	20.2711714203336
418809.594141717	20.5032527534644
425915.458529858	20.7313916523338
433110.941752359	20.9579131422754
440401.239103965	21.1812672063999
447785.05176099	21.4030375576161
455264.977370807	21.617428480599
462842.314757101	21.8302525386832
470517.063919873	22.0358824966406
478291.822506496	22.2355145631573
486166.59051697	22.4285422098855
494142.66677498	22.615875229347
502222.648927901	22.7925771547101
510407.835799417	22.962556724217
518698.22738953	23.123387824476
527096.421345611	23.2747503433034
535603.716491348	23.4142687113366
544220.11282674	23.543526641484
552948.20799916	23.6598116041896
561790.599655981	23.7650948165841
570745.988973516	23.8585507261941
579818.272422824	23.9390336683622
589007.450003906	24.0064930990596
598316.119364135	24.0590420412037
607745.579327196	24.1002185768242
617295.829893089	24.1249177589926
626970.767532874	24.1374021341541
636771.691070237	24.1346053645498
646698.600505179	24.1177910509044
656754.093485071	24.0862010327831
666939.4688336	24.0409978228528
677257.32419814	23.9820129410168
687707.659578689	23.9086230109175
698294.371446307	23.8210639046902
709017.459800995	23.7202791108761
719880.82111381	23.6063191735042
730883.156561068	23.4801949731545
742028.362613826	23.3400532287637
753319.036919458	23.1892129982359
764755.179477964	23.0273373213777
776339.387936716	22.8528087892613
788072.9611194	22.6697720122643
799958.496673391	22.4766264294685
811998.592246059	22.2741133532991
824194.546661093	22.0627719200654
836548.957565863	21.8425347377288
849061.824960371	21.6162659679322
861738.344139362	21.3822471136898
874577.21627915	21.1431233125191
887583.636674479	20.8974624835985
900758.904149037	20.647876068426
914103.018702823	20.3934374264701
927621.175630583	20.1355617905426
941314.673756003	19.8748388409817
955184.81190277	19.6124479384641
969234.187718256	19.3462999297912
983466.697673521	19.0801350731087
997882.341768564	18.8133131440493
1012485.01647444	18.5454971824196
1027277.31943854	18.2783382931668
1042260.54948452	18.0121734364843
1057437.30425978	17.7465645641207
1072811.48023537	17.482370924569
1088384.37623497	17.2204686143316
1104158.58990595	16.96079024137
1120138.01771939	16.7033863497131
1136323.95849896	16.4489477077571
1152719.00989203	16.1979460597728
1169325.76954598	15.9502129256634
1186149.43275556	15.7057651534387
1203189.99952076	15.4657989517847
1220450.06748896	15.2293034401217
1237934.8319549	14.9972558030101
1255645.59174227	14.7694033203051
1273586.24332213	14.5460492561805
1291759.38434184	14.3275305708296
1310167.61244879	14.1135271520689
1328813.52529035	13.904359112082
1347701.01933757	13.7000096028592
1366833.99106152	13.5004112323618
1386213.73928587	13.3058167207348
1405844.1604817	13.1160575878815
1425729.15112006	12.9314707939954
1445872.607672	12.7516014428153
1466275.82896122	12.5768033425443
1486942.71145877	12.4068743170664
1507878.4504594	12.2418480624009
1529084.3447868	12.0819941467025
1550565.5897357	11.9265038655072
1572324.78295349	11.7761185312403
1594365.82091123	11.6304000956505
1616691.30125628	11.4891126866026
1639307.71810707	11.352778592396
1662215.07146362	11.2209429167699
1685419.85544434	11.0934877236567
1708925.9665203	10.9705309491239
1732734.70351518	10.8519546571039
1756852.56054743	10.7375566714808
1781283.43408808	10.6274549283221
1806029.92178453	10.5214640995217
1831095.92010782	10.4194662490117
1856487.9231764	10.3211918086377
1882208.52863762	10.2269608905831
1908261.63296256	10.1366050147515
1934652.43144595	10.0498546129881
1961384.82055886	9.96662544524459
1988462.69677234	9.88690066351135
2015892.55420483	9.81079820385601
2043675.69168002	9.73798110608529
2071819.90214001	9.66834828214119
2100329.08205588	9.60198397207204
2129205.82907499	9.53866915175219
2158457.93613946	9.47833642914299
2188088.00089666	9.42103634827343
2218102.51746504	9.36646564496955
2248504.08349195	9.31465801525067
2279300.49191951	9.26569769916513
2310495.6392188	9.21938252059694
2342094.72068454	9.17562823949778
2374102.93161149	9.13421583174201
2406525.4672944	9.09516214533929
2439367.523028	9.0587199004346
2472635.59293073	9.024333112709
2506333.57347366	8.99211971823014
2540467.9587752	8.96219765306568
2575045.24295379	8.93424680503198
2610069.3224805	8.90872207039
2645547.99029744	8.88520224889812
2681485.14287567	8.8633166843437
2717887.27433362	8.84294744065911
2754760.87878972	8.82446517405696
2792112.4503624	8.80766770842128
2829948.48317011	8.79223493156844
2868272.87368389	8.77798151539213
2907094.71366955	8.7658341004239
2946417.89959815	8.75417527773594
2986251.52323549	8.74354418363753
3026600.77987632	8.73522126686318
3067470.86481539	8.72678041402118
3108872.16864219	8.72091730665787
3150808.58782776	8.71409386274368
3193287.91531425	8.70738835489714
3236317.94404375	8.70449049723482
3279905.16813471	8.69871162991983
3324056.08170556	8.69214090615061
3368778.4776984	8.69214090615061
3414080.14905537	8.69214090615061
3459968.88871858	8.69214090615061
3506452.48963015	8.683177765009
3553536.14708482	8.683177765009
3601230.25167209	8.683177765009
3649542.59633407	8.683177765009
3698479.67518919	8.683177765009
3748050.58000327	8.683177765009
