B10K-DU-008-63_Glaucidium_brasilianum
0	17.259922072747
702.267096025129	17.259922072747
1414.33086960127	17.259922072747
2135.67570612047	17.259922072747
2866.81722019069	2.55568485119472
3608.27102641986	2.97939749012314
4359.52151020005	3.36647289192097
5121.0842861392	3.66709356460132
5893.47496884525	3.97480588308552
6675.66232910231	4.32527044345675
7469.19321073423	4.70279939898016
8273.03638452511	5.08619699935614
9087.70746508289	5.46893470713251
9913.72206701554	5.83852735432455
10751.080190323	6.19657628030734
11599.7818350054	6.52235205888499
12460.3426156705	6.8292109162737
13332.2469177106	7.18887877876754
14216.0103557334	7.70326945945099
15111.632929739	8.39986968473996
16020.1458689433	9.20391802238216
16940.5179441304	10.0400195432296
17873.2647699083	10.8651668469235
18818.9019608849	11.7173609486336
19777.4295170601	12.6249684315752
20749.363053042	13.6604103089142
21734.1869542227	14.8583705356863
22732.4168352099	16.2608622740668
23744.0526960038	17.8837053493106
24770.1257658203	19.7204152168054
25809.6048154434	21.7322517816699
26863.521074089	23.8877953575944
27931.3589271493	26.133797011074
29014.14960384	28.4435970810844
30111.3774895533	30.7749184484102
31224.073813505	33.048195662674
32351.7229610872	35.2938981648418
33494.3249322999	37.4674524094518
34652.9109563589	39.5170436295822
35826.9654186565	41.4467455622147
37017.5195484083	43.2505135911368
38223.5421163986	44.9052338782259
39446.5799664512	46.3831645385944
40686.1174839581	47.6893823459751
41942.6702835273	48.7765070117159
43215.7227505508	49.6931066311484
44506.8217288525	50.3950651843462
45815.4516038244	50.9272201738113
47141.6123754666	51.3457504561907
48485.819658387	51.6527324935313
49848.5890671934	51.8482982643531
51229.4049872781	51.9051018193279
52629.8142624648	51.7367500193143
54048.7856635376	51.2971031737471
55487.3504197124	50.5364053806156
56944.9929163813	49.4278298061034
58422.7443827602	48.0491293955809
59921.1204334569	46.4370997604028
61439.0898392558	44.6871525719053
62978.1994439804	42.8148788925753
64538.449247631	40.9226148667609
66119.8392502074	38.9921386601449
67722.3694517097	37.076910371864
69347.0710813537	35.1834145465304
70993.9441391395	33.3585651486926
72662.9886250671	31.5756585244864
74354.7201537443	29.8701792986349
76069.6543397793	28.2349390410863
77808.3067977798	26.6783315857079
79570.161913138	25.2082404494228
81356.2509150698	23.8163333883401
83166.5738035751	22.5095348754717
85001.6461932619	21.2888567461369
86861.4680841302	20.1530232079766
88746.555090788	19.1030021034701
90657.9384424511	18.1247949109377
92594.5869099036	17.2319778207954
94558.0473369695	16.4061970202059
96548.3197236486	15.6472413435373
98565.4040699411	14.9557002948454
100610.331605063	14.3171442226185
102682.586714406	13.7338695531033
104783.716241794	13.2000868285592
106912.688958011	12.7101209726295
109071.051706881	12.2619659118113
111259.320103012	11.8511255778594
113476.462917188	11.4747316376073
115724.542607841	11.1286575626655
118003.043560363	10.8103077754755
120312.481389362	10.5191191676857
122653.371709446	10.2522146075616
125026.230135223	10.006936927569
127431.056666692	9.78150881697267
129868.88253307	9.57388900799798
132340.223348965	9.38442064479669
134844.563499768	9.20968108441879
137383.449829304	9.05201074595092
139956.882337572	8.90535621461261
142565.376639181	8.77284978061003
145209.448348738	8.65169349932082
147889.097466243	8.54108670105745
150605.870835521	8.44188284691541
153359.252841963	8.35198787771194
156150.274714786	8.27015239679176
158979.452068596	8.19741463517826
161846.784903395	8.13243721053622
164753.304448398	8.07470980592195
167699.526318212	8.02359012587182
170685.966127447	7.9789549904339
173713.139490709	7.93985415426475
176781.046408	7.90605885459649
179891.233723142	7.87784184703698
183043.185821528	7.85443765617066
186238.965161589	7.83530956934983
189477.540514111	7.81992967249482
192760.458722915	7.80753249019006
196088.235402611	7.79933222481886
199460.870553199	7.79407068115793
202879.911018502	7.79132552794353
206345.35679852	7.79133432651153
209858.23912247	7.79334919858235
213418.55799035	7.79718537422811
217027.344631378	7.80327398328055
220685.630274769	7.81033923338042
224393.414920523	7.81939295984713
228152.245412464	7.82900979466551
231961.606135983	7.83983203329919
235823.043934905	7.85150773302837
239737.590038446	7.86330661270948
243704.728831998	7.87570379501423
247726.522773992	7.88884005703056
251802.456249821	7.90135162071925
255934.591717916	7.91438229991963
260122.413563669	7.92715782064817
264367.468630905	7.93969578004084
268670.272534231	7.95221614229752
273031.856502862	7.96365428069084
277452.736151408	7.97503082910819
281933.942709084	7.985633103542
286475.991790498	7.99561947821616
291079.914624865	8.0049723559947
295746.742441402	8.01296145573403
300476.990854717	8.02064260559354
305271.691094025	8.02673121464599
310131.874388542	8.03204554971488
315058.056352877	8.03664720077619
320051.268216245	8.03994666377426
325112.541207863	8.04213750720498
330242.906556945	8.04321093250036
335442.8798781	8.04257743560473
340714.008015152	8.04167118310126
346056.806582709	8.03905800840678
351472.306809986	8.03534501271295
356961.539926201	8.03059378599573
362525.537160567	8.02476033541514
368165.329742302	8.01783586240318
373881.948900621	8.00985556123185
379676.42586474	8.0005202805893
385549.791863875	7.98997079756346
391503.078127243	7.97874382480203
397537.831498666	7.96616187256938
403654.051978145	7.95262087642529
409854.317638719	7.93836719627362
416138.628480389	7.92285532089868
422508.531346978	7.90663076151616
428965.57308231	7.88918320118236
435510.269300994	7.87121652533685
442144.166846852	7.85210603565202
448868.296949102	7.83238844477554
455683.690836958	7.81167661571564
462592.410968853	7.79048966398402
469594.972959394	7.76836126547695
476693.439267014	7.74565216148222
483887.809891711	7.72239754627181
491180.662906528	7.69825427569392
498573.029540677	7.67365347958029
506065.425408769	7.64870953931486
513660.428583843	7.6229825264979
521358.554680506	7.59683318241717
529161.866157191	7.57002394573684
537070.878628504	7.54313552194455
545088.170167487	7.51580716975252
553214.256388747	7.48799489632077
561451.199750716	7.45976029162527
569800.547097217	7.43134971556987
578263.329657467	7.40229684405084
586841.609889898	7.37335835391575
595536.419023724	7.34394474110894
604349.819517379	7.31447833689416
613283.358214685	7.28499433554338
622338.581959467	7.25499121868091
631516.521980941	7.22501449752243
640820.271966754	7.19484420786806
650250.347531515	7.16483229243759
659808.811133654	7.13462680851124
669497.725231604	7.10443892172088
679318.121054581	7.07419824352255
689272.576675625	7.04402795386818
699362.638938559	7.01397204559774
709590.370301814	6.98394253303129
719957.317609216	6.95406259612075
730465.027704588	6.92413866637023
741116.078660969	6.89465466501946
751912.532936791	6.86512667082871
762855.421761271	6.83607379930969
773947.838822055	6.80704732349465
785190.815348361	6.77832879755943
796587.445027835	6.74991822150403
808139.274704301	6.72181559532845
819848.366836192	6.69421448752858
831716.783881938	6.66659578259271
843746.588299972	6.63973375450441
855940.873777941	6.61296851066405
868300.671545062	6.58681036801533
880829.075288981	6.56112734803834
893528.147468132	6.53577867364515
906399.950540945	6.51108989185157
919447.578195068	6.48655948428191
932672.577274326	6.46290013494373
946077.525851757	6.43959272832535
959665.002000402	6.41676044437869
973438.099407908	6.39472883011956
987398.364918099	6.37306675571622
1001548.89221862	6.35186220684861
1015891.74376791	6.33142313339655
1030430.52886822	6.31168794538409
1045166.79436337	6.29237508863537
1060104.14955563	6.27355495169437
1075245.17251802	6.25551788730491
1090591.92570898	6.23788555704321
1106148.01843077	6.221133083581
1121915.51314182	6.20491732276647
1137898.53475899	6.18901831039976
1154098.63012611	6.17402555053652
1170519.40854543	6.1596838847049
1187163.9637046	6.14570296016107
1204035.38929126	6.13250510816878
1221136.26337846	6.11994955164012
1238470.19526846	6.10793070775914
1256040.27864889	6.09651896506981
1273849.60720741	6.08565273359616
1291901.79024628	6.07553438040207
1310199.40583853	6.06595273985567
1328746.06328642	6.05693420766094
1347545.88750681	6.04852277665785
1366601.45657274	6.04079763395837
1385916.89540108	6.03344203111466
1405494.78206487	6.02684310511852
1425339.75709557	6.020895273154
1445454.91418083	6.0154049667252
1465843.86262292	6.01054815719204
1486510.72733869	6.00636003882649
1507459.1176304	6.00285820876453
1528692.64280031	5.99985789707829
1550215.42776527	5.9974470894477
1572031.59744216	5.99482511618523
1594144.76113322	5.99482511618523
1616559.04375533	5.99482511618523
1639278.57022534	5.99482511618523
1662307.46546012	6.00304297869243
1685650.36999114	6.00304297869243
1709310.89312065	6.00304297869243
1733293.67538014	6.00304297869243
1757602.84168645	6.00304297869243
1782243.54818568	6.00304297869243
