OUT-0040_Haliaeetus_albicilla
0	0.470855246373867
327.319046132756	0.470855246373867
659.401571107361	0.470855246373867
996.247574923814	0.470855246373867
1337.85705758212	0.0909724359798632
1684.45685140807	0.142153701907403
2036.04695640168	0.305280154595032
2392.85420488873	0.804025557181783
2754.65176454344	1.82633944114239
3121.66646769161	3.04929810848137
3494.12514665903	4.05540859414805
3871.8009691199	4.7077009337983
4254.92076740003	4.98361547016396
4643.71137382521	4.90121562546398
5037.94595606965	4.52638470283603
5438.07817878496	3.97341528632283
5843.88120964532	3.37446560749023
6255.58188097654	2.80371451921759
6673.18019277862	2.31375439419076
7096.67614505156	1.91714863451617
7526.29657012117	1.61374890917195
7962.26830031324	1.38859105099398
8404.59133562777	1.23020098834335
8853.03884373897	1.12222620708404
9308.29132162424	1.05449229786399
9769.89510463197	1.01417294380257
10238.077025088	0.993698553863019
10713.063915318	0.986781148430361
11195.082607648	0.987462372382658
11683.906269752	0.991744351511383
12179.7617339559	0.998037824867916
12682.8758325854	1.00436112139287
13193.2485656407	1.01108781551169
13710.8799331216	1.01952070879214
14235.996767354	1.03204957880882
14768.8259006636	1.05032490248761
15309.3673330506	1.07678040733551
15857.394232189	1.111906605991
16413.5870950563	1.15566347262277
16977.7190893267	1.20728816197548
17550.0170473259	1.26308338598545
18130.7078013799	1.32179735639934
18719.5645191627	1.38004985252296
19317.0408653261	1.43509478840114
19923.1368398699	1.48596761998162
20537.8524427942	1.53021421443163
21161.6413387506	1.56660868256512
21794.2766954133	1.59508117538239
22435.985345108	1.61630506863351
23087.2209524865	1.63029134980158
23747.5298528971	1.6372511355262
24417.5925433172	1.63748108785111
25097.1821914209	1.63300682776811
25786.75246186	1.62313143492047
26486.0765223086	1.60871507227099
27195.6080374182	1.58895565355327
27915.347007189	1.56561196088377
28645.5202639467	1.53749342198641
29386.1278076913	1.50605195427106
30137.3964707486	1.47145001552356
30899.7799177702	1.43382573410291
31672.8244841045	1.3957909917064
32457.210666729	1.35794853026416
33252.9384656435	1.3208485087515
34060.0078808482	1.28609117560013
34878.8725769946	1.25421177820116
35709.5325540827	1.22541829391328
36551.9878121126	1.20032680661041
37406.9188480615	1.17891455650613
38273.871997278	1.16080639953452
39153.5277567395	1.14569782544965
40045.8861264458	1.13378974822821
40950.9471063971	1.12419453619966
41869.1643612449	1.11680152971275
42800.764723315	1.11095304942183
43745.7481926075	1.10708467054986
44704.1147691224	1.10422635530301
45676.5449498369	1.10240321792837
46663.0387347512	1.1014716363254
47663.5961238653	1.10175495642537
48678.6707818307	1.10265906932059
49708.4895409733	1.1044374719426
50753.052401293	1.10683431289918
51812.8130274414	1.11002225263908
52887.7714194187	1.11404602591492
53978.1544095504	1.11857208413254
55084.4156624884	1.12404149625646
56206.5551782325	1.13023372780441
57345.0266214344	1.13717546266394
58499.829992094	1.14491849896966
59671.1921225372	1.1531614657565
60859.5666774156	1.16217041707956
62065.180489055	1.17173659075992
63288.0335574553	1.18170537721392
64528.5795472682	1.19197318017234
65787.0452908195	1.20251645502851
67063.657620435	1.21312643960352
68358.6433684405	1.22363204308906
69672.4561994876	1.23423025536074
71005.0961135762	1.2445216029258
72357.0167753581	1.25457593478396
73728.4450171589	1.26392942218427
75119.6076713046	1.27310161611342
76530.9584024467	1.28155412989941
77962.4972105851	1.28953732119292
79414.9045926975	1.29688009918565
80888.1805487835	1.30355107106875
82382.5519111693	1.30955886986464
83898.699176832	1.31473083512459
85436.6223457718	1.31913053728655
86996.7750826402	1.32291337075437
88579.6110520888	1.32585173766382
90185.1302541177	1.32803275305948
91813.7863533784	1.32950664543553
93465.8061821967	1.33019807205071
95141.8702375501	1.33013057751166
96842.2053517643	1.32929081987461
98566.8115248394	1.32778474986947
100316.369253753	1.32559902555248
102091.332203156	1.32283253427155
103891.700373049	1.31954649200396
105718.381092735	1.31544973044752
107571.147529889	1.31109162375731
109450.680181487	1.30588748086827
111357.205879855	1.30037568845239
113291.405121972	1.29437102893739
115253.504740162	1.28799201017671
117243.958399077	1.28125982231633
119263.219763369	1.27397669066044
121311.288833039	1.26645026473586
123389.299769714	1.25855340366672
125497.025741069	1.25026805658792
127635.147244082	1.24174726344266
129804.344775729	1.23280580665864
132004.618336012	1.22363204308906
134236.875254233	1.2140658694087
136501.115530391	1.20431918707739
138798.246493791	1.19423346241037
141128.268144433	1.1838832533287
143492.087811619	1.17328111695591
145889.932327675	1.1625251558197
148322.48218958	1.15145683623531
150789.964229657	1.14017269109
153293.285777212	1.12875198722615
155832.673664569	1.11711153370026
158408.58155638	1.10524583677079
161021.689949623	1.09326084716764
163672.452508949	1.08116990683459
166361.549731335	1.06887805252482
169089.435281434	1.05653047597933
171856.789656222	1.04412796201832
174663.839688026	1.03164539639472
177511.719538474	1.01911024781628
180400.429207567	1.00651231362011
183330.876024607	0.993916733884607
186303.740486573	0.981342344295086
189319.249425789	0.968818183199743
192378.537003885	0.956327769373926
195481.830053186	0.943906419727605
198629.809070671	0.931531374474355
201823.381385642	0.919234811243259
205063.000662751	0.907102275438465
208349.347398975	0.89508118410513
211683.102091292	0.883206854153222
215064.945236678	0.871521665874707
218495.557332113	0.859980884516954
221975.845706898	0.848616687709048
225506.264025685	0.837487152147383
229087.492785452	0.826541264517558
232720.666147828	0.815819050650872
236406.010945139	0.805340915873085
240144.661339013	0.795062910251791
243937.297826428	0.78509176933712
247784.600904361	0.775312124556504
251687.25106979	0.765801673111876
255646.382484344	0.756563554284123
259662.675645	0.747593843972138
263736.811048735	0.738872136850158
267869.922857179	0.730444737311257
272062.464734984	0.722265340962362
276315.797676103	0.714350429028127
280630.148512863	0.706741596980292
285006.878239219	0.699379983302242
289446.894184474	0.692276575477079
293950.876845605	0.685457272572114
298519.960384241	0.678890681778485
303154.82529736	0.672583081657964
307856.605746591	0.666542320412768
312626.209061236	0.660755056099128
317464.769402926	0.655208731593502
322372.967268636	0.649948081648516
327352.163652323	0.644893839421795
332403.039050964	0.640111144991728
337526.954458512	0.635552909145021
342724.817204273	0.631234043465883
347997.534617548	0.627134142628556
353346.467692292	0.623272827138577
358772.52375781	0.619656375557718
364276.836975729	0.616229065650251
369860.541507679	0.613036416989025
375524.998347615	0.610063517989829
381271.114824839	0.607265633900038
387100.025100982	0.604698486955379
393013.090169997	0.6023455959312
399011.671025839	0.600167719816425
405096.674997812	0.598212732644568
411269.463079871	0.596431190741671
417531.169433644	0.594838005691944
423883.608717738	0.593456722102033
430327.461429131	0.592243390039532
436864.315394102	0.59121370590887
443495.531606607	0.590346479564068
450222.471060601	0.589677812735316
457046.267917713	0.589159831389099
463968.736836548	0.588836485457824
470991.011978736	0.588680306233738
478114.681170558	0.588677166952852
485341.105405969	0.588856890783584
492671.872511248	0.589189654557517
500108.343480352	0.589662901151106
507652.332971886	0.590322934957422
515304.975147479	0.591144641729375
523068.084665737	0.592111540242313
530943.022520617	0.593222845676014
538931.830203049	0.594512305300005
547035.868706989	0.595939108462766
555256.952691042	0.597522875669834
563596.443149165	0.599241631955008
572056.381572288	0.60112284602604
580638.355786694	0.603164163422267
589344.180450987	0.605364014503245
598175.670223775	0.607711411785873
607134.639763663	0.610193798146605
616222.903729259	0.612848844956076
625442.276779169	0.615638880843653
634794.573571999	0.618605501281076
644281.835598681	0.621733009863915
653906.104350148	0.625020621771948
663669.194485006	0.628446362038972
673573.147494187	0.632071446642267
683620.004868624	0.635866837233637
693811.808099248	0.63982704007153
704150.825509318	0.643967751560377
714638.87175744	0.648316440407933
725278.441999198	0.652838574524449
736071.350893199	0.657525520887489
747020.093595025	0.662451052597877
758126.71159561	0.667596333970296
769393.700050538	0.672980985510285
780823.327283065	0.678556348364109
792417.861616451	0.684408752756136
804179.571373953	0.690495818394404
816111.178543481	0.696883470177522
828214.724615968	0.703533251914634
840493.158411648	0.710518151886344
852948.748253779	0.729330292596669
865583.989297946	0.729330292596669
878401.603532058	0.729330292596669
891404.086111699	0.729330292596669
904594.159024778	0.774966803659026
917974.771091532	0.774966803659026
931548.190635217	0.774966803659026
945317.593308396	0.774966803659026
959285.701098977	0.774966803659026
973455.462827197	0.774966803659026
