B10K-DU-029-69_Horornis_vulcanius
0	0.0937001665869623
9.69171390621916	0.0937001665869623
19.6282066956262	0.0937001665869623
29.8171277083207	0.0937001665869623
40.2661262844022	0.0979166778330521
50.9752024238709	0.100073991723893
61.959654806926	0.102356919778134
73.2194834335673	0.104789834893152
84.7661623139444	0.10715250606804
96.6073407881569	0.109608544188261
108.746843526255	0.112223318614471
121.192319868337	0.114796096663664
133.955243824554	0.117444993146201
147.043264735005	0.120162633698261
160.460207269739	0.123007888241198
174.217545438906	0.125697531208579
188.322928582607	0.128658775745184
202.787830710989	0.131636893826126
217.616076494103	0.134609637370723
232.822964612149	0.137718369183759
248.412319735175	0.140777105309868
264.399440543382	0.144052697728018
280.791976376869	0.147270045170899
297.597576575735	0.150662502507237
314.83153982018	0.154020587808814
332.501515450303	0.157423169271755
350.615152806205	0.161114100859039
369.191575238133	0.164608174429054
388.238432086188	0.168239611148896
407.767197360519	0.172073030443919
427.793169741326	0.175914574038066
448.323998568707	0.179756742578301
469.374982522863	0.183770521313907
490.961420283992	0.187697557532697
513.094785862243	0.1917943291086
535.786553267768	0.195964094387415
559.055845850813	0.200269972923884
582.914137621529	0.204469360647202
607.376727260116	0.20889910349803
632.455088776722	0.213401715062551
658.175994861695	0.21789982701525
684.543270185087	0.222484306517112
711.579862767196	0.227149779031794
739.30489595827	0.231865372222619
767.72984376846	0.236662458383132
796.873829548014	0.241535038030904
826.759801317231	0.246605850577335
857.399233086261	0.251578546588175
888.818897545452	0.256726477481689
921.030268704954	0.261786915923084
954.060119255116	0.267135829478039
987.927572546185	0.27239700060244
1022.65175192841	0.277689294041952
1058.25943009215	0.283241690042694
1094.76590571758	0.288684470499852
1132.19795149508	0.294283487478653
1170.57851544492	0.299974996478266
1209.93054558742	0.305696877857686
1250.28081461292	0.311493627778278
1291.65609521177	0.317292752493998
1334.07551073421	0.323187243982529
1377.5734832107	0.329210474364894
1422.17296066154	0.335356819126313
1467.90071577707	0.341327679026623
1514.7873459177	0.347422778208943
1562.86344844381	0.353768230793543
1612.15579604577	0.360048439006705
1662.69881075401	0.366386392238267
1714.52308992894	0.372711471580445
1767.65923093095	0.379185788048096
1822.1416557905	0.385675853157128
1878.00478653803	0.392164418395553
1935.28304520398	0.398821469098917
1994.01467848887	0.405409400765107
2054.23410842313	0.412113697392616
2115.97958170727	0.418891112712253
2179.28934504178	0.42571977361099
2244.20164512716	0.432519811978961
2310.75855333395	0.439412717335397
2379.00596570277	0.446456359687913
2448.97830426405	0.45342600842378
2520.72528972844	0.460397407008689
2594.29281813654	0.467515042977856
2669.7229608589	0.474639678343192
2747.06161393611	0.48184518173213
2826.36232274887	0.489068558579144
2907.67480800784	0.496272937065126
2991.0449657536	0.503639426565965
3076.52634136686	0.511155778138364
3164.17630489836	0.518528017143199
3254.04457705876	0.526029619987954
3346.19235256883	0.533588342905022
3440.67700147935	0.541238557929164
3537.55206917099	0.548925019826326
3636.88257503461	0.556736220962368
3738.73353846106	0.564496551486964
3843.16232950108	0.572542607362339
3950.23779221556	0.580546916839132
4060.02494599537	0.588769457489354
4172.59645957143	0.596991748161142
4288.01735233461	0.605407522141333
4406.36411768588	0.61378529939946
4527.71324902626	0.622446927170107
4652.13359041664	0.631171799484715
4779.70928459811	0.640136276128914
4910.51300030162	0.64918974509584
5044.63652960837	0.658466944761759
5182.15636591934	0.667822512666934
5323.1604766457	0.67748655396044
5467.73682919857	0.687285833587079
5615.97721565917	0.697347840548513
5767.97725277873	0.707500339703282
5923.8249079684	0.718074677466486
6083.62344731952	0.728798752312033
6247.47231225339	0.739871922041537
6415.4709441913	0.751188945734022
6587.72643389466	0.762925683218247
6764.34587212485	0.774956270352377
6945.44399898336	0.78717471628013
7131.1279052316	0.79999548524612
7321.51998031115	0.812923619949782
7516.73496432352	0.826449453090641
7716.89524671029	0.840459869427025
7922.13086625316	0.854696391257532
8132.56421239371	0.869651351109159
8348.33297325376	0.885038773652693
8569.56336294493	0.900850409599791
8796.40454359918	0.917295865867888
9028.99420333829	0.934291024713733
9267.47385495411	0.952012245922955
9512.00030991867	0.97030154312487
9762.71890569389	0.989174664960858
10019.7941030919	1.00876784967779
10283.3827135847	1.02922608476776
10553.6491979845	1.05052037273234
10830.7618417734	1.07231436758774
11114.9004044439	1.09509952693644
11406.2369961481	1.11878848331554
11704.9590257185	1.14344423129056
12011.2462526474	1.16901652519615
12325.2975597774	1.19556248510461
12647.304180611	1.2228810033653
12977.4726473309	1.25155727949366
13316.0056674498	1.28141470372564
13663.1174224904	1.31223441994173
14019.0259186455	1.34427915547671
14383.9529867781	1.3776631504752
14758.1281070911	1.41216667389319
15141.7807597876	1.4480998239788
15535.1595484207	1.48541722964618
15938.5016025336	1.52406489555342
16352.0669996897	1.56430604899221
16776.1119927822	1.60593970730108
17210.9004840446	1.64912148205562
17656.7078497205	1.69389636937403
18113.8094660536	1.74013250563207
18582.4960079675	1.78815061316135
19063.058150386	1.83780395462075
19555.7980422432	1.88940150335547
20061.025481813	1.94273790208146
20579.0502673694	1.99772365851913
21110.2051452068	2.05456425494175
21654.8190369496	2.11338293071757
22213.232338232	2.17404557241643
22785.7969186988	2.23667129476242
23372.8684726644	2.30114360780501
23974.8141684538	2.3676213728394
24592.0164730719	2.43611096431569
25224.8578535237	2.50622391574644
25873.7322508242	2.57862879445509
26539.0527293389	2.65258141464173
27221.2285287632	2.72868422433383
27920.6918368126	2.80648588746766
28637.8786658728	2.88644261468642
29373.2403270097	2.96827443014333
30127.2319559593	3.05179834962423
30900.3316364777	3.13697600143942
31693.0251016612	3.22414473148642
32505.7980846063	3.31246473721409
33339.1707404397	3.40285056472554
34193.659399618	3.49418568534249
35069.7995159484	3.58755925510461
35968.1418419178	3.68176625296778
36889.2486040238	3.77732325936716
37833.6935027737	3.8735232103004
38802.0731866953	3.97140076650843
39794.9881289864	4.06941981051047
40813.0617508652	4.16847314028577
41856.9365969	4.26811491929619
42927.2628609993	4.36813741546255
44024.7060357518	4.46827877637458
45149.9622111064	4.56825677637957
46303.7313016825	4.66858912081565
47486.7323454492	4.76878672687547
48699.7149777363	4.86859799126457
49943.4326585438	4.96747108658851
51218.6656205617	5.06576660673924
52526.2093951603	5.16326632054333
53866.8862864005	5.26005359580873
55241.5377216932	5.35517288996908
56651.0204271294	5.44872144463544
58096.2217261609	5.53985933226746
59578.0404162492	5.62911700710343
61097.4097168866	5.71809933069366
62655.2781462453	5.80435213975618
64252.6209951882	5.8888124784532
65890.4403272682	5.97049030719437
67569.7611540587	6.04718144113237
69291.6352598233	6.12599501696958
71057.1412015162	6.19971378233063
72867.3843087818	6.2576579085529
74723.4966839547	6.33841494173013
76626.6410267301	6.40364481441886
78578.0106341636	6.45931838651941
80578.8294006711	6.52287290373926
82630.3479933589	6.57890556986115
84733.8476766936	6.62969931293933
86890.6517865125	6.67769029780845
89102.1066066732	6.7291523582316
91369.6004924037	6.7675520455317
93694.5485716225	6.80920007760057
96078.4118682885	6.84655797977435
98522.6820037212	6.88222127813979
101028.885021271	6.91457473704153
103598.596684997	6.94344762120873
106233.423356321	6.97229263278047
108935.013468035	6.99717598612022
111705.061348971	7.01989065155036
114545.29957466	7.04296478596949
117457.510441347	7.06225487183444
120443.514491975	7.07957262785017
123505.181990199	7.09378077712835
126644.429095712	7.11130276552517
129863.225513592	7.12560128200747
133163.583020284	7.13978568333435
136547.570762285	7.15316502911252
140017.307606803	7.16698996145041
143574.965966426	7.18090688585224
147222.771799122	7.19530239396717
150963.012257583	7.21095754341419
154798.028039878	7.21464497530339
158730.221038799	7.24380258490763
162762.054341857	7.26638963634689
166896.048406616	7.27519862640475
171134.800184039	7.31457897910389
175480.96017047	7.34312439152173
179937.247706316	7.37532736340583
184506.454800713	7.41132188319715
189191.442306858	7.45240571393906
193995.147571348	7.49806027536894
198920.576784844	7.54789147648457
203970.812631405	7.60581547944286
209149.018113163	7.67067338422087
214458.43655032	7.74573215898074
219902.391581149	7.82689390724363
225484.294811334	8.0808763714484
231207.641989302	8.0808763714484
237076.016830888	8.0808763714484
243093.091019341	8.0808763714484
249262.631854659	8.83587923815955
255588.509902934	8.83587923815955
262074.683697666	8.83587923815955
268725.211213779	8.83587923815955
275544.257516956	8.83587923815955
282536.098588313	8.83587923815955
