B10K-DU-002-01_Illadopsis_cleaveri
0	0.546712463234406
1250.97992018222	0.546712463234406
2519.48832007201	0.546712463234406
3804.6026481058	0.546712463234406
5107.24545584717	3.79486089694728
6428.33929485966	6.70048437447425
7766.03906201616	10.3871787710259
9123.11241200735	14.4505762592163
10497.7142417061	18.4053941349791
11891.6896542395	21.8688014781998
13304.1160980441	24.5535477225828
14735.9161246833	26.5268875069483
16187.0897341572	28.1930509546716
17657.6369264658	30.006888183457
19148.4802531727	32.1931872203519
20658.6971627142	34.6905458469904
22190.1327582175	37.2548010820212
23742.7870396826	39.7157369978327
25315.7374555459	42.0084674645885
26910.8291089346	44.0527523552606
28526.2168967215	46.0639469721643
30164.6684735973	47.8500919244003
31825.2612879985	49.5644930870677
33507.995339925	51.2803263714462
35213.7931809405	53.2346767727378
36942.6548110448	55.2969320368047
38694.5802302381	57.4259186644512
40470.4919900837	59.3589662552893
42270.3900905819	60.7105035793922
44095.1970832961	61.3311217851629
45943.9904166627	61.2651202528401
47818.615193809	60.59181649258
49718.1488631712	59.4506495856055
51644.4365278766	58.0381920071742
53595.6330847979	56.8115109095624
55573.5836370624	55.948051680943
57578.2881846701	55.7671223812997
59610.6692791844	56.1234177385544
61670.7269206054	56.8401946549888
63758.4611089331	57.6308910843606
65873.8718441675	58.3687780256335
68018.8042294357	59.0395067208937
70192.3357131741	59.6662527551401
72395.3888469463	60.4326031154222
74628.8861823159	61.3638127173003
76891.9051677193	62.5425728191926
79186.2909062836	63.8777922180289
81511.1208464453	65.350633005147
83868.2400913314	66.8259662348585
86256.7260893784	68.1656059324379
88677.5013921499	69.3330467646516
91131.4885512094	70.2416866791779
93618.6875665569	70.9328506496243
96140.020989756	71.3611101228647
98694.5662692432	71.5874128940297
101284.168508145	71.5679002357152
103909.750258026	71.3244946264227
106569.466415759	70.9010685639574
109266.084636034	70.344744360777
111999.604918851	69.7047374303013
114770.02726421	69.0456998055485
117577.351672112	68.4511765098031
120423.423245683	67.9703967268863
123308.241984923	67.6664977456984
126231.807889832	67.5887225204617
129195.043511975	67.730846829893
132197.94885135	68.0509673435399
135242.369011086	68.5354926755475
138327.381439618	69.1639737803286
141454.831240073	69.8836700217896
144624.718412453	70.6785388826852
147837.042956755	71.5123091266003
151093.649976109	72.3994672154593
154393.616918949	73.4218093316108
157738.788888404	74.5226151930525
161130.088436037	75.7103535964417
164566.593010284	76.9888664836765
168049.225162708	78.3644331576445
171579.829996438	79.8010027083473
175158.407511472	81.2647274899578
178784.957707812	82.7325558510868
182460.40313702	84.1373983977271
186186.588902223	85.4235400871541
189962.592451859	86.5779403495556
193790.258889054	87.6468126509187
197670.510765371	88.5138108726129
201602.425529248	89.2075774488613
205587.84828381	89.739941154182
209626.779029059	90.0397503262524
213721.062868122	90.1734884614328
217871.622352561	90.1167544090292
222077.534930814	89.8438388302462
226340.645706007	89.3788950085585
230661.877229705	88.7060732123358
235041.229501906	87.8158994056428
239479.625074175	86.748679552408
243978.909049638	85.4977350081129
248539.081428297	84.0714932582117
253161.064761713	82.5078091352426
257845.781601452	80.8189382961568
262594.154499076	78.9930795072384
267407.106006148	77.0772862289395
272284.63612267	75.0741335262599
277228.589951768	73.0081877947066
282239.890045005	70.9005590591179
287319.458953946	68.760872829841
292467.296678589	66.5912359782394
297685.248322063	64.4237748500067
302973.313884367	62.2589163275759
308333.338468629	60.1131848922298
313766.244626411	57.9768999520169
319272.954909278	55.8908769757052
324854.391868793	53.8477350283218
330511.47805652	51.8394597364447
336245.136024022	49.8864175232546
342057.210874426	47.9952044108635
347947.702607732	46.1564565265447
353917.533775505	44.3804190486933
359968.54948087	42.6729719385656
366102.594826955	41.0331374976859
372318.747262197	39.4572665697709
378619.774441286	37.944050966719
385005.676364222	36.5049063510163
391478.298134132	35.1294222994548
398039.484854144	33.8191824081574
404689.236524257	32.5713362041028
411428.475696035	31.390868572478
418259.970024169	30.2701231702886
425183.719508658	29.2052029740323
432201.56925263	28.2005833640563
439314.441807649	27.2479607885162
446524.18227684	26.3500204756204
453830.790660206	25.5044903091925
461237.034612435	24.7064129448478
468743.836685092	23.9541497048591
476353.041981303	23.2438448769271
484064.65050107	22.5780459852495
491880.507347518	21.9503773341315
499803.380175339	21.3588835266213
507832.346432968	20.8034406291092
515971.096326661	20.280977842157
524220.552407981	19.7890715751765
532581.637228491	19.3270470785154
541056.195891318	18.8904427422273
549645.150948026	18.47961659674
558351.270053306	18.0940040556098
567174.553207158	17.7292812129009
576118.690615835	17.3862467518755
585182.759727775	17.0604390625871
594370.450749231	16.7546535364528
603683.608783331	16.4640292218953
613122.233830075	16.1882769404922
622688.170992589	15.9272039066283
632385.110477129	15.6792540649831
642213.052283693	15.4428851306368
652173.841515409	15.2177115323594
662270.245826968	15.0019981996163
672504.110321497	14.7951392347604
682875.434998996	14.5972034897972
693388.832617283	14.4067726134164
704043.380624793	14.2235436567946
714843.691779346	14.0459192534079
725789.76608094	13.8748908721331
736884.371184267	13.7084480344143
748129.352192454	13.5468386074705
759527.476760191	13.3898147240828
771079.667439042	13.2353245944916
782788.691883697	13.0846764067987
794656.395197284	12.9378426202019
806685.545034494	12.7932671793803
818877.063946889	12.6513769667671
831234.642140724	12.5114008399025
843759.202167563	12.373834533225
856453.511682097	12.2379895266811
869321.260890579	12.1046645035327
882362.449793009	11.9723998012667
895580.768595643	11.8416360727171
908978.062401606	11.7128690523226
922557.09886559	11.5855754648424
936320.645642285	11.4596726878701
950270.547834818	11.3346925277695
964409.573097881	11.2118743206367
978740.489086163	11.0897170927551
993266.063454355	10.969639195435
1007989.06385715	10.8507730934089
1022910.41284611	10.7335043579068
1038035.64573061	10.6179018409341
1053364.76251066	10.5040757056992
1068902.37594407	10.3919295593947
1084650.33113398	10.2810089787853
1100612.31828663	10.1725257591651
1116790.18250515	10.0658740028871
1133188.53654736	9.96058551631487
1149808.30296483	9.85792717634679
1166654.09451536	9.75707275891873
1183727.7563021	9.65854553927131
1201032.97853129	9.56211142058634
1218573.45140918	9.46799072928093
1236351.94259047	9.37634871016792
1254370.29717829	9.2868273328195
1272634.05048201	9.20008757648698
1291145.97015633	9.11559239552869
1309907.90130437	9.0335208051585
1328924.45668396	8.95405182059033
1348199.32650134	8.87719921222523
1367736.20096277	8.80286658725572
1387536.92517137	8.73131558330212
1407607.03443654	8.66260128196869
1427948.37386139	8.59650335683834
1448566.47875531	8.53296672630679
1469464.11677298	8.47208778318153
1490644.0555691	8.41405931307751
1512112.75300462	8.35866098957763
1533872.05418266	8.3058515014787
1555926.57186103	8.25596133840635
1578279.996246	8.20861869953174
1600936.01754381	8.16401637046982
1623900.17106385	8.12198910640777
1647175.22446081	8.0827985449659
1670766.71304407	8.04582501809611
1694677.40446832	8.01185343865933
1718912.83404294	7.98011266419569
1743476.69197419	7.95109842914368
1768373.59101988	7.92435631026802
1793609.0664894	7.90035450120507
1819185.88603743	7.87859726751633
1845109.58497336	7.85891936438898
1871384.77605501	7.84218832709036
1898016.99459175	7.82745399794672
1925009.93078984	7.8149642441773
1952369.11995866	7.8048016881885
1980099.17485603	7.79681485556859
2008205.63079134	7.79070079749403
2036693.10052239	7.78679000359049
2065567.11935857	7.78501362185261
2094832.3000577	7.78523394826971
2124495.10048072	7.78721688602362
2154559.21083389	7.7911139095261
2185032.01152972	7.79684239637073
2215918.11532602	7.80456759137034
2247222.13498061	7.81373867848217
2278951.450906	7.81387638249286
2311110.67586	7.82544351939067
2343706.26770357	7.82494778495219
2376744.68429764	7.83388477524586
2410230.53840004	7.84126571021875
2444170.28787171	7.85303940313259
2478570.3905736	7.86321572952245
2513437.30436664	7.87650416655387
2548776.56456022	7.88785097703458
2584595.55156686	7.90152498529592
2620900.72324749	7.91350523422579
2657697.61491149	7.92756481371706
2694994.52952294	7.94384142778041
2732796.07983965	7.96051738347475
2771110.56882571	8.00039646497006
2809945.37689361	8.00039646497006
2849306.03935273	8.00039646497006
2889201.78171872	8.00039646497006
2929637.21674939	8.06598488526087
2970621.56996037	8.06598488526087
3012162.22176418	8.06598488526087
3054265.63002176	8.06598488526087
3096940.09769718	8.06598488526087
3140193.92775451	8.06598488526087
