B10K-DU-002-59_Jacana_jacana
0	0.156191359982088
344.938737920765	0.156191359982088
696.176855117339	0.156191359982088
1053.71435158972	0.156191359982088
1417.742117619	0.245467153733603
1788.26015320516	0.300201769488004
2165.45934862931	0.361251360756806
2549.53059417252	0.429708012755113
2940.66478011588	0.506301713478167
3338.6710161783	0.589201699382345
3743.93108292195	0.676936407366127
4156.63587062793	0.767582376997601
4576.59448901514	0.859801296952159
5004.18871864575	0.952434456126238
5439.60944980085	1.04500098941186
5882.85668248044	1.13707507047848
6334.1213069656	1.22997473320637
6793.59421353742	1.32267741504667
7261.2754021959	1.4164837692131
7737.35576322213	1.5123439388106
8222.21707717827	1.6097394006203
8715.66845378324	1.71085142829468
9218.09167359921	1.81506590494884
9729.67762690726	1.9227623084692
10250.4263137074	2.03471697529514
10780.7195145618	2.15088066020475
11320.3663391893	2.27087098853388
11869.9394584333	2.39522676094566
12429.4388722937	2.52338020899936
12998.8645807706	2.65556597169345
13578.7892547071	2.791074338477
14169.0220038222	2.93038327768022
14770.1354989592	3.07292212408462
15381.9388498369	3.2171816564778
16004.8138370176	3.36534314851222
16638.9513507822	3.5160798759743
17284.7331716931	3.66781309498544
17941.9684094691	3.82328895086108
18611.0388446724	3.97824048996236
19292.3262578651	4.13496485705209
19986.0215393283	4.29257563813604
20692.1246890621	4.45130457543492
21410.8265973474	4.60782616808152
22142.6999350277	4.76714315126546
22887.9355923839	4.92532459756791
23646.342679135	5.08346259220398
24418.6847564053	5.24126745739778
25204.7709339137	5.39687077149481
26005.3647727846	5.55329677047537
26820.0844924558	5.70765447013607
27649.6936540516	5.86071441336079
28494.3831478531	6.01181613482049
29354.1529738604	6.16054829207341
30229.5758029166	6.30748734389358
31120.8425253029	6.45168894073158
32028.1440313004	6.59588474401407
32951.8621014711	6.73471571488707
33892.1876260963	6.87318169176246
34849.6932760192	7.00999360853751
35824.3790512397	7.1400647234676
36816.62673232	7.27034150961858
37827.0089901034	7.39846019633917
38855.3349343088	7.52265374919646
39902.5590163416	7.64407218896072
40968.4903459208	7.76388581384655
42053.8924841706	7.87843889032222
43158.7654310911	7.99335406401776
44283.4909672445	8.1010301900938
45428.641763474	8.20989109827323
46594.5996003418	8.31209231438496
47781.5553681289	8.41533637048988
48989.8908473975	8.51602836538922
50220.1787089909	8.61273439409231
51472.6098431903	8.70532989515553
52747.7569208387	8.79616125856357
54045.8108322173	8.88265035211103
55367.3442481694	8.96844421899634
56712.9298395383	9.05074457190443
58082.5676063238	9.1304523087183
59477.2119999315	9.20849150154305
60896.8630203614	9.28309221916798
62342.2842287377	9.35578685702756
63813.8574056227	9.42686219611991
65311.9643315785	9.49459465367849
66836.9867871673	9.56166085235252
68389.8792237946	9.62734818481332
69970.6416414602	9.68769965264223
71580.0376012887	9.75119991789506
73218.448883842	9.81146737916896
74886.4481599636	9.87127135600143
76584.6081004966	9.93088993905734
78313.5013762843	9.98902247512293
80073.7006581699	10.0465698620812
81865.5877267157	10.1049515210341
83689.926143046	10.1638835677611
85547.0976877228	10.2217206324953
87437.8659218707	10.2817100031043
89362.9944066139	10.34238880682
91322.6740322335	10.402859042537
93317.8592501349	10.4659189975705
95349.1227311614	10.5316468849199
97417.2280364373	10.5985653479283
99522.5569465248	10.6667149414841
101665.873022548	10.736498317696
103847.939825632	10.8084687611159
106069.5209169	10.8808911018661
108331.188967196	10.9572849249238
110633.707537645	11.0359295443001
112977.84018937	11.1147711445641
115364.350483496	11.1954811664826
117794.001981147	11.2802206062636
120267.558243447	11.3646008456026
122785.782831522	11.453757871466
125349.630196776	11.5430597362174
127959.673010052	11.6362925283875
130616.865722757	11.7301423342203
133322.162786295	11.8269787179226
136076.327761791	11.9259703042775
138880.31510065	12.0259352079593
141734.888363996	12.1299440133926
144641.002003235	12.2360269117012
147599.801360054	12.3429093206713
150611.859105296	12.4522887520696
153678.511470928	12.564153618785
156800.522018075	12.6773162419364
159978.845198142	12.7923704609644
163214.817243096	12.9102751093071
166509.010823782	13.0294253720861
169862.953062447	13.1496879975246
173277.407520216	13.2708457272906
176753.519538775	13.3961458492518
180292.625350093	13.5203249182202
183895.488515293	13.6461088020672
187563.636156624	13.7716870146932
191297.831835211	13.8979517636481
195099.602673302	14.0238573121609
198970.284902864	14.1506261004459
202910.642085023	14.275662615631
206922.392232307	14.4025009265821
211006.489796123	14.5258399300006
215164.461898718	14.6491963140855
219397.45388178	14.7697775850775
223706.992867557	14.8894347839643
228094.605978298	15.007075825531
232561.247665408	15.1205860620134
237108.635941417	15.2324219609513
241738.297928574	15.3404601842472
246451.569858846	15.4452163583422
251250.169744763	15.5455346689107
256135.242928012	15.6406822311795
261108.698311403	15.7315889108093
266172.063017185	15.8171915903625
271326.864167607	15.8969833337314
276574.819775198	15.9709004118052
281917.647852489	16.0387255662521
287357.066412009	16.0990509630811
292894.602576006	16.1534901075041
298532.356137574	16.1998414484243
304272.04510924	16.2373112687356
310115.196613255	16.2685182555323
316064.101332991	16.290736540943
322120.668171259	16.3046990097409
328286.424250307	16.3108314882565
334563.660253509	16.3064573538406
340954.475973957	16.2945892553624
347460.589424181	16.2716583626229
354084.291287552	16.241668022485
360827.681357164	16.2024369612963
367693.05031639	16.1538840692793
374682.49795832	16.0960093464343
381798.124076048	16.0290242575375
389042.410243228	15.953505261363
396417.45625295	15.8696493387984
403925.934569151	15.7772653025116
411570.135875204	15.6766978690559
419352.350854481	15.5686219876491
427275.251970918	15.4531332519573
435341.129907888	15.3301679328698
443553.038909887	15.1997781723862
451913.26966029	15.0632704172759
460424.494623031	14.9209951776475
469089.577152327	14.7726656725031
477911.189712112	14.6194840646125
486892.195656604	14.461039011534
496035.649230299	14.2982516885949
505344.222897132	14.1313306637938
514820.970901602	13.9614694095675
524468.947488205	13.7885752290276
534291.397791719	13.6131608518375
544291.376056643	13.4351770327752
554471.936527473	13.2558751798326
564836.51522927	13.0753972351199
575388.35729681	12.8936968501929
586130.898755155	12.711588019602
597067.575629363	12.529899221786
608201.823944495	12.3478657074168
619537.27061589	12.1673385174822
631077.542558889	11.986927198658
642826.457579115	11.8089115150403
654787.642591907	11.6323210460801
666964.915402887	11.4574541598864
679362.284707958	11.2850263605657
691983.759203024	11.1151303450062
704833.156693705	10.9482875332047
717914.867656466	10.7842980474956
731232.900787211	10.6233965268775
744791.646562404	10.4664491079004
758595.30456823	10.3123463246825
772648.647061714	10.1624612498815
786955.682738761	10.0162203215012
801521.374746678	9.87397694642824
816350.304452211	9.73585278932841
831447.053222107	9.60159872731447
846816.775093955	9.47192157415959
862464.0514345	9.3462970130894
878394.227171613	9.22517983821207
894612.265452603	9.10821374586323
911123.320315058	8.99556385237516
927932.736686849	8.88718670608146
945046.050386128	8.78315472642611
962468.415450483	8.68356640385292
980205.749478629	8.58834642214014
998263.588288717	8.49730649073346
1016647.65858918	8.41038577729992
1035363.87797873	8.32770884328318
1054418.54583664	8.24922064990581
1073817.38887135	8.17496464883418
1093566.70646214	8.10470040751432
1113672.98887855	8.03836709361329
1134142.72639015	7.97579959079883
1154982.21837621	7.91730785429113
1176198.33688685	7.86253268364811
1197797.76308191	7.81163629842425
1219787.55990179	7.76430294984383
1242174.79028688	7.72050656690704
1264966.5171776	7.68049916927888
1288170.1852949	7.64375064662948
1311793.04846946	7.61070710273372
1335842.74231253	7.58087898215033
1360327.09332563	7.55461969176591
1385253.92801028	7.53142229547265
1410631.26375829	7.51155329682436
1436466.92707119	7.49489103115517
1462769.69890191	7.48127327891058
1489547.59664225	7.47081011764544
1516809.59213541	7.4633769859161
1544564.08455378	7.45887539327877
1572820.23663084	7.45734879139984
1601586.82931952	7.45903761283327
1630873.40713388	7.46352761835957
1660688.94191712	7.47092888553355
1691043.55085415	7.48135438868783
1721946.58756873	7.4944796887134
1753407.97835549	7.5104930761646
1785438.0312896	7.52976823537232
1818046.86355596	7.59219669285435
1851244.78322975	7.59219669285435
1885042.86194727	7.59219669285435
1919451.40778371	7.59219669285435
1954482.06504619	7.77835811553001
1990145.52359048	7.77835811553001
2026453.42772371	7.77835811553001
2063417.42175302	7.77835811553001
2101049.53176614	7.77835811553001
2139361.59296048	7.77835811553001
