B10K-DU-001-65_Lanius_ludovicianus
0	0.471336646137303
304.062871559339	0.471336646137303
611.705761229659	0.471336646137303
923.644672633157	0.471336646137303
1239.16360214764	0.344776849760103
1558.97855339529	0.46392156786263
1882.85085850206	0.661209463447035
2210.78051746794	0.890984146278907
2542.76753029293	1.09946311294611
2879.28923272517	1.25850528020492
3219.86828901652	1.37506642428084
3564.74336704104	1.46002847064663
3914.15313467281	1.52998812219464
4267.85892403776	1.59013902517323
4626.33807088401	1.63990705202093
4989.11323946344	1.67900513895702
5356.66176552418	1.70149769026906
5728.74498119216	1.7112313606189
6105.84022221552	1.70560491051649
6487.47015284612	1.68990914625908
6874.11210883209	1.66682480192215
7265.52742229937	1.63902377884944
7661.95476112203	1.60978743687306
8063.63279317412	1.58241038492268
8470.32285058159	1.55718851951073
8882.02493334443	1.53756660600604
9299.21637721077	1.52413643743351
9721.41984643249	1.51662419910997
10149.3513446318	1.51659770091482
10582.5335360605	1.52405694284807
11021.2050885927	1.5388782666657
11465.6046701025	1.56205977105151
11915.4936127159	1.59225888078481
12371.3492521808	1.63032353811025
12832.6942527492	1.67522472978303
13300.2446180434	1.72804004907238
13773.5230123151	1.78816887022169
14253.0067713125	1.85595566976782
14738.4572271616	1.93049067634416
15230.1130477363	2.01400857107456
15727.9742330368	2.10525510605552
16232.279450937	2.20466750150692
16742.7900335629	2.31275805586823
17259.9833166627	2.42978733472503
17783.8593002363	2.55523420690615
18314.4179842837	2.69067973138856
18851.4207009309	2.83467092380515
19395.5834538	2.98865635215717
19946.428907143	3.15170857961456
20504.434396708	3.3222288817369
21069.5999224949	3.50168790835475
21641.9254845037	3.68707811431916
22221.4110827346	3.87847016148385
22808.5340529355	4.07526342409222
23402.8170593584	4.27511281187395
24004.9761056254	4.48131293375871
24614.5338559885	4.68837866335153
25231.9676461957	4.8967163063113
25857.2774762471	5.11134285425209
26490.7020140167	5.32573975116829
27132.0025916305	5.54324135328228
27781.4178769625	5.76184263049478
28439.1865378868	5.98346911831964
29105.3085744033	6.20876118980619
29780.0226543863	6.43460089065907
30463.3287778355	6.6657093159799
31155.2269447512	6.89888018415616
31855.9558230072	7.13037724967244
32565.5154126037	7.36697963411994
33284.1443814147	7.60110002095555
34012.0813973142	7.83874466774542
34749.3264603023	8.074446113558
35495.6409025048	8.30899047151593
36251.7407275441	8.53884906529909
37017.3872675459	8.76665404895854
37792.8191903844	8.98809504941739
38578.0364960597	9.21021175385243
39373.2778524456	9.42516952923252
40178.7819274164	9.63476583646167
40994.3100530979	9.83623603051309
41820.5782331124	10.0353523015625
42657.1091317117	10.2327682717568
43504.1414167698	10.4201502587229
44362.152424035	10.6068609580787
45231.1421535072	10.7854013805982
46111.1106051864	10.963248433678
47002.5351148207	11.1435819007356
47904.938346662	11.3118896035634
48819.0363043326	11.4812395687335
49744.8289878323	11.6461731680462
50682.3163971613	11.8057762137689
51631.7372001935	11.9622568888304
52593.091396929	12.1137691523022
53566.8563231159	12.2594473964764
54553.0319787542	12.4038802254787
55551.8570317179	12.5381907439357
56563.3314820072	12.6726425861002
57587.6939974959	12.8026515642121
58624.9445781842	12.9292334424186
59675.5605598202	13.0487270534238
60739.5419424038	13.1656724213294
61817.1273938091	13.2774197266206
62908.3169140362	13.3827368032235
64013.3491709591	13.4857750350438
65132.7015003259	13.5820473943706
66266.1352342625	13.6683740977863
67413.8890406431	13.7554206688369
68576.4402552158	13.8274295141427
69753.7888779805	13.8925223305158
70946.1735768113	13.9454083116589
72153.5943517082	13.9901549305267
73376.5285384194	14.0206057731138
74614.9761369448	14.0371671450793
75869.1758151586	14.0420648948152
77139.3662409347	14.0291249428529
78425.7860821473	14.0017876381952
79728.6740066704	13.9578492142793
81048.0300145041	13.8968415363244
82384.0927735222	13.818000573037
83737.3396194731	13.7238834002487
85107.5318844827	13.6088812333205
86495.3855721731	13.481495576528
87901.1393504184	13.3343775970843
89324.5545513445	13.1734010615799
90766.1085106996	12.9934518183519
92226.0398963578	12.8009910106497
93704.3487083189	12.593549889959
95201.7509502054	12.3729921626716
96718.246622017	12.1433190562545
98253.8357237539	11.900798741558
99809.2342590382	11.6487876566338
101384.44222787	11.3906731540946
102979.459630249	11.122718988425
104595.002469798	10.849262030897
106231.070746516	10.5735218122207
107887.903128278	10.2925746981985
109565.738282958	10.0093531557596
111265.292214178	9.72577388768632
112986.08758619	9.4412009372951
114729.07907049	9.15699012890419
116494.266667077	8.87455028322212
118281.889043827	8.59574952300659
120092.184868613	8.31871972549991
121925.631477184	8.04597380287496
123782.228869539	7.77764424610747
125662.6930493	7.51579791441874
127567.024016468	7.25839003041674
129495.699106791	7.00769502251809
131448.718320268	6.76328891960045
133426.797660522	6.52549853273729
135430.175795427	6.29530429514896
137458.852724983	6.07204375195684
139513.305784939	5.85604371423438
141594.250978915	5.64781206405519
143701.449639038	5.44753428878529
145835.617768931	5.25473783727792
147996.755368594	5.06918864214264
150185.578441648	4.89133717269691
152402.325655967	4.72083895240385
154647.235679426	4.55758357211703
156920.5471799	4.40157986456815
159222.976161009	4.25266442422049
161554.761290628	4.11034703446388
163916.379904505	3.97482201539603
166307.83200264	3.84571839228494
168729.833588656	3.72268285586199
171182.623330427	3.60525610407801
173666.678563699	3.49409617544577
176182.476624223	3.38824913494006
178730.256179871	3.287679651634
181310.494566393	3.19231706367389
183923.430451661	3.10163582352269
186569.779839298	3.01583025127812
189249.781397179	2.93426439025671
191963.91246105	2.85703098414147
194712.650366662	2.78376347456622
197496.472449761	2.7143867833114
200315.617378221	2.64868009208413
203170.801155666	2.58643141532324
206062.262449969	2.52751267841888
208990.478596877	2.47171631217575
211956.165600014	2.41901140203283
214959.562127253	2.36905788781912
218001.145514343	2.32189551682731
221081.393097031	2.27729463803283
224201.02087894	2.23507859680138
227360.267527944	2.19526505859639
230559.849047665	2.15768178514942
233800.004105977	2.12213003999687
237081.687374376	2.0887202322852
240404.898852863	2.05714763277022
243770.593212934	2.02736807779338
247179.247790336	1.99930207276923
250631.101252944	1.97295403406363
254127.108272254	1.94819147070085
257667.507516141	1.92489514080276
261253.014988226	1.90307387710105
264884.108024257	1.88266143410788
268561.502627857	1.86349882265236
272285.914802647	1.84561695729551
276057.583216503	1.82895842528118
279877.223873046	1.81349672841421
283745.552775898	1.79907729388961
287663.285928682	1.78579728175623
291630.900667146	1.77348445374564
295648.874327037	1.76219622261397
299718.161579852	1.75190167380023
303839.23976134	1.74250364725556
308012.824875122	1.73401097571167
312239.394256946	1.72637507914412
316519.902578309	1.71957387572363
320855.065842834	1.71361178181607
325245.122718393	1.70839605373841
329691.266544357	1.70400176971023
334194.21332435	1.70037593334126
338754.201726243	1.69743021731434
343372.425089409	1.69521761801975
348049.599417469	1.69368513906721
352786.202046171	1.69284161318844
357582.948979138	1.69273562040786
362441.03355574	1.69318608972532
367360.933111724	1.69431226301897
372343.363650714	1.69604789480095
377389.518512079	1.69843714872984
382499.636363693	1.70141377931776
387674.910544928	1.70493362290616
392916.295727278	1.70908942317803
398224.269246493	1.7138370164748
403599.785774069	1.71914990460132
409043.799981501	1.72499275663074
414557.266540286	1.73139648712405
420140.901454046	1.73832134878855
425795.659394278	1.74578942345351
431522.256364604	1.75375213109451
437321.885704393	1.76229338266283
443195.502085143	1.77125860535348
449143.821510475	1.78078029014216
455168.037319761	1.7907833588093
461268.865516621	1.80130314228177
467447.260772552	1.81220273321798
473704.416426925	1.82366320261808
480041.287151236	1.83552114494536
486458.827616981	1.84793113300482
492958.23116353	1.86070767943045
499540.213794506	1.87403627158826
506206.207517153	1.88775350394153
512957.167002968	1.90196978563669
519793.808255572	1.91656145842973
526717.801950083	1.93165218056467
533729.625422251	1.94729494843179
540831.188015068	1.96325569464065
548022.967064281	1.97968457563039
555306.155909261	1.99666991871818
562682.425225127	2.01407923292828
570152.4910155	2.03217308384629
577717.546619752	2.07922946205752
585379.262713	2.07922946205752
593138.355298866	2.07922946205752
600996.256384596	2.07922946205752
608954.397977433	2.18666639427192
617013.734748874	2.18666639427192
625175.698706163	2.18666639427192
633441.721856545	2.18666639427192
641812.997539389	2.18666639427192
650290.719094067	2.18666639427192
