B10K-DU-002-28_Larus_smithsonianus
0	0.125419429623929
287.915201950696	0.125419429623929
581.464172013712	0.125419429623929
880.646910189049	0.125419429623929
1185.61167353229	0.180826673668393
1496.50671909903	0.215703698234949
1813.48030394486	0.252013031245728
2136.68068512535	0.288450734813612
2466.10786264051	0.32426891091025
2801.91009354593	0.358531989334129
3144.2356348972	0.391491827536962
3493.23274374989	0.423230750115153
3848.90142010402	0.4539524755615
4211.53817807076	0.483350030804663
4581.29127470569	0.512072942956953
4958.16071000881	0.54071980950748
5342.29474103572	0.56834878126009
5733.98988189759	0.596057984610892
6133.2461325944	0.623503470186771
6540.21175018177	0.651138023267952
6955.18324877085	0.678856296277679
7378.16062836165	0.706554336971341
7809.44040306534	0.734984927039788
8248.87431582634	0.763167845652951
8697.055394867	0.792220753856929
9153.83538313172	0.821452264575142
9619.51079473169	0.851068189298598
10094.2298867225	0.881160619948701
10578.1409161597	0.911647929595116
11071.5403971545	0.943275225601911
11574.4283297069	0.974767174390889
12087.1012279281	1.0074025978706
12609.7073488736	1.03993616210392
13142.5432066546	1.07306483549599
13685.6088012712	1.10737465754664
14239.3489038901	1.14208773058646
14803.7635145113	1.17743847041537
15379.1491472459	1.21268386266754
15965.8023162052	1.2491634261997
16563.7230213891	1.28535555131051
17173.3560339644	1.3220960419533
17794.7013539311	1.35916513331565
18428.203752456	1.39627189864583
19074.0114865946	1.43421725859363
19732.2728134026	1.4724786612717
20403.4325040467	1.51079308657117
21087.4905585269	1.54853123969582
21784.8917480099	1.58689729228457
22495.932586607	1.62575240878924
23220.7613313737	1.66451892170287
23959.5262393656	1.70282916100592
24712.8203388051	1.74210427248547
25480.6436296922	1.78165007840066
26263.292626138	1.82108495541052
27061.2120993092	1.86016820872049
27874.6985633172	1.89958773707678
28703.9002752174	1.93926540187943
29549.2620061767	1.97881957978747
30410.9320132505	2.01831445607946
31289.5033246614	2.05822862968026
32184.9759404092	2.09774652895259
33097.9428887163	2.13750930901593
34028.5524266383	2.17747441223992
34977.3975823975	2.21738230684608
35944.478355994	2.25758322120214
36930.3877756501	2.29700065656022
37935.5706125325	2.33698529443421
38960.1751236969	2.37737248563129
40004.64608031	2.4177882811373
41069.4282535386	2.45789710357196
42154.9664145494	2.49781337017097
43261.4088203981	2.53830242061445
44389.4967563624	2.57859891522228
45539.3784794982	2.61864006404803
46711.6470180276	2.65940818092
47906.7471431175	2.69931468019401
49124.975368879	2.73959094248577
50366.9247235345	2.78005278395248
51632.8917211952	2.81906487532318
52923.4693900833	2.85840347441521
54239.2507584213	2.89790811803219
55580.3840832648	2.93559324853543
56947.7589069472	2.97385255821528
58341.5234865242	3.01140862049533
59762.4191072737	3.04806050754708
61210.8905403624	3.08383612601338
62687.5308140127	3.11915198253873
64192.7846993914	3.15278437083423
65727.2452247208	3.18621234297085
67291.6536752789	3.21896218368624
68886.3065651767	3.24967972313616
70511.9451796924	3.27974982847199
72169.1625470481	3.30876087671169
73858.5516954663	3.33641077844644
75580.853910225	3.36290464750117
77336.5139624907	3.38780923324565
79126.2731375416	3.41167918020651
80950.7244635999	3.43417960866955
82810.7574829992	3.45523865902945
84706.8169669063	3.4743519187167
86639.644200599	3.49199938198831
88610.1287264109	3.50886545926015
90618.8635725643	3.52380039684684
92666.4417672816	3.53818627123547
94754.0493670076	3.55009891940162
96881.9828858533	3.56144506271794
99051.2801232078	3.57110145880975
101262.830621405	3.57971623945722
103517.227408667	3.58697824559259
105815.360027327	3.59370514185133
108158.118019718	3.59941205031395
110546.539185231	3.60399432106974
112981.216552087	3.60803659828642
115463.187919675	3.61190794731564
117993.34283033	3.61451303242559
120572.570826383	3.61700090963557
123202.057964281	3.61884693406003
125882.545529301	3.62080946871838
128615.071320832	3.62293944323383
131400.524881208	3.62467174808868
134240.240523929	3.62684707089876
137135.107791328	3.62939843572122
140086.164482795	3.6319204985687
143094.448397718	3.63454511832864
146161.145592543	3.63826646915255
149287.59038077	3.64256688281557
152474.524047676	3.64741356901237
155723.429163818	3.6530786175107
159035.49178564	3.66018016044969
162411.897969587	3.66677729081919
165853.685515048	3.67546253573985
169362.485249635	3.68445893972829
172939.334972736	3.69525741517869
176585.717254908	3.70657983784858
180302.818152595	3.71864806554862
184092.120236352	3.73235441318388
187955.106076737	3.74663703299398
191893.109987249	3.76230382228938
195907.466281389	3.77845479183822
199999.805786767	3.79576039873493
204171.759330996	3.81423180563665
208424.51297052	3.83325925239714
212759.994047062	3.85288738964496
217179.685131178	3.87317133299972
221685.217050478	3.89446549682562
226278.07237552	3.91609593569785
230960.32670508	3.9380870679289
235733.314352661	3.96016819908314
240599.110917038	3.98271955716938
245559.495482881	4.00524021794849
250616.0988778	4.0280008758561
255770.848443518	4.05049642065664
261025.819778812	4.07235220566988
266382.643711296	4.09396659822247
271843.692353857	4.11532145899656
277410.744791163	4.13613074490296
283085.876621992	4.15585795073288
288871.311702179	4.17464400503273
294768.977373445	4.19257193006497
300781.24574868	4.20961591218497
306910.192426662	4.2249234034537
313158.189520281	4.23913207066025
319527.609142426	4.25189168543686
326020.526891876	4.26322387543175
332639.759652686	4.27300585141638
339387.383023634	4.28099761626225
346266.065631722	4.28720126296758
353278.47610395	4.29178562672159
360426.838296151	4.29425187628336
367714.265606493	4.29506116892598
375142.98189081	4.29382839297813
382716.100547269	4.2907161046344
390436.290202871	4.28573337355372
398306.367741671	4.27864508627008
406329.150047727	4.26980705247982
414507.89877626	4.25876020790806
422845.430811328	4.24618268397603
431344.859551097	4.23156797511604
440009.44665079	4.21547142352076
448842.15725152	4.19731326868501
457846.401265564	4.17766001545863
467025.588605201	4.15641608358986
476382.980925654	4.13345938151624
485922.136396257	4.10921060187871
495646.46492929	4.08356788543087
505559.821208195	4.0565416971638
515665.466888198	4.02826738429531
525967.404909799	3.99905819889137
536469.489956442	3.96868739947885
547175.576711574	3.93739637851839
558089.371601583	3.90520536832604
569215.322338138	3.87241436531245
580557.135347628	3.83904778779009
592119.258341722	3.80501563683579
603905.99077503	3.77047488731556
615921.632102164	3.7355469331258
628170.481777738	3.70048223638609
640657.28402753	3.66508335759826
653386.634820263	3.62966703715864
666363.130124659	3.59411467183514
679591.662423555	3.55870811872053
693076.975942728	3.52337761120767
706824.259679123	3.48822082254656
720838.554372632	3.45333542598715
735124.900763143	3.41878630447406
749688.636104658	3.38460903897695
764535.39416529	3.3509026980779
779670.363941983	3.31780053599654
795099.179202851	3.28501441664544
810827.621973061	3.25300689262983
826861.622534836	3.22164540739617
843206.962913345	3.19090344963376
859869.721647866	3.16087939025864
876855.977277679	3.1315976475833
894172.25311323	3.10320682448091
911824.775950853	3.07551296978367
929820.069100994	3.04867305835762
948164.804131154	3.02271988050809
966865.800865891	2.99767576154936
985929.879129761	2.97351139950645
1005364.30351849	2.95025888701863
1025176.04211369	2.9278938057734
1045372.65602519	2.90656964230644
1065961.40984872	2.88615453773028
1086949.86469411	2.8667098866592
1108346.02644237	2.84821545677713
1130157.75271744	2.83072427070547
1152393.04940033	2.81414214352462
1175060.07062908	2.79853953950777
1198167.26705588	2.78403087589059
1221723.23758993	2.77046685213386
1245736.72939753	2.7578586308947
1270216.48964496	2.74623132815168
1295171.56201259	2.73561005988337
1320611.28669494	2.72600389574868
1346545.15214356	2.7173263251548
1372982.49855296	2.70970711399096
1399933.40740291	2.70299975238222
1427407.66365909	2.69733051788745
1455415.34880127	2.69258150494063
1483966.9890804	2.6887855038471
1513073.11074742	2.68607646649254
1542744.5365674	2.68427299969842
1572992.0893054	2.68346998605045
1603827.03649763	2.68369254152717
1635260.79393738	2.68487857384825
1667304.92567498	2.68702808301369
1699971.44053193	2.69015362701277
1733272.34732975	2.6942963681437
1767219.80314698	2.69950305003324
1801826.70634747	2.70572134772606
1837105.51052387	2.71297707486679
1873069.5588112	2.72135604438219
1909731.89783035	2.7308233729687
1947106.16723043	2.74137208396561
1985206.30317467	2.77340751462407
2024046.39008334	2.77340751462407
2063640.66063378	2.77340751462407
2104003.94053156	2.77340751462407
2145151.05548222	2.86383480477969
2187097.12770545	2.86383480477969
2229857.87244913	2.86383480477969
2273448.8567041	2.86383480477969
2317886.53700353	2.86383480477969
2363187.07336647	2.86383480477969
