NCBI-008_Lepidothrix_coronata
0	12.8339479923452
1715.0827881742	12.8339479923452
3451.11528467301	12.8339479923452
5208.09748949642	12.8339479923452
6986.02940264443	13.5386373167268
8786.30767133869	17.1113804485794
10608.9322955792	17.0688134042552
12453.9032753659	15.2150678252209
14322.6172579206	12.9587605339429
16212.2809487998	11.1319328173894
18127.0842896685	10.0930556908866
20064.2339860835	9.96792572166532
22025.1266852664	10.7370211108745
24009.7623872172	12.1572557843647
26019.5377391575	13.8678415051576
28054.4527410873	15.6834322838358
30113.110745785	17.5280994328353
32196.9084004722	19.4113022953394
34307.2423523706	21.3128207317248
36444.1126014802	23.2080858439255
38606.1225005792	25.1261422595003
40794.6686968895	27.141045843034
43009.7511904109	29.3190754823334
45252.7666283651	31.6762295296276
47523.7150107521	34.1615925940919
49821.1996903503	36.7165675364108
52148.0139616029	39.3274414832447
54502.7611772883	41.9793270790472
56886.8379846282	44.6690500475823
59300.2443836225	47.4030859123712
61742.9803742713	50.102236481327
64215.0459565745	52.6302300756402
66719.2344249754	54.830098735443
69252.7524850308	56.6108359610504
71816.9967839623	58.0108187521553
74414.7606162131	59.2469136611979
77041.8540401184	60.6938757405948
79702.466997343	62.6469444230522
82396.599487887	65.2878787658406
85122.8548645287	68.5716992746967
87882.6297744898	72.3436282403553
90675.9242177703	76.3165841200368
93504.1348415917	80.2258322756627
96367.2616459542	83.84101548079
99265.3046308577	86.9726294441321
102198.263796302	89.6154683526621
105167.535789509	91.8602212784412
108174.517257701	93.8156071825508
111216.414906433	95.7051903402891
114297.418677371	97.476341251664
117414.735276073	99.2408261829433
120571.157996979	100.866214329563
123766.686840092	102.262483217472
127001.321805411	103.500609663306
130275.062892936	104.624716106744
133589.306749888	105.752885623764
136944.053376268	106.990567670924
140340.699419297	108.357284047077
143777.848231753	109.821165018811
147258.293108081	111.211561495683
150780.637401058	112.332525405648
154346.277757905	113.017407246317
157956.610825845	113.194277918185
161610.239957656	112.975887713151
165309.958447781	112.448576944834
169054.369648998	111.72811146756
172843.473561308	111.00621756598
176681.460126376	110.35872869937
180564.139402536	109.758917461824
184497.097978674	109.294489105742
188476.145913127	108.868786919738
192505.473147559	108.463939728605
196583.683034749	108.017160348394
200712.172221917	107.483501027606
204890.940709065	106.832679170948
209121.385143413	105.960959431031
213403.505524962	104.875388701097
217738.698500933	103.509243694667
222125.567424105	101.846875229899
226568.302236143	99.8657459455155
231064.109642603	97.6012172787864
235615.782937928	95.0612249203012
240223.32212212	92.2890025123938
244888.123842398	89.3455913870813
249608.791451542	86.2376257816971
254388.118243995	83.020465073796
259226.104219756	79.7582296433445
264124.146026049	76.4504116061446
269082.243662872	73.1577348665902
274100.397130225	69.8937535842089
279180.00307533	66.6824970301067
284322.45814541	63.5471056780438
289527.762340463	60.5136403359174
294797.312307712	57.5904176074656
300131.108047156	54.7768343802037
305531.942853238	52.0982531212568
310997.023431517	49.5450557736301
316530.539723655	47.1245431726663
322131.095082432	44.8426829576889
327801.482802292	42.6914759525833
333540.306236012	40.672985436903
339350.358678035	38.779370948345
345231.640128362	37.0097754323258
351184.150586993	35.36197689548
357210.68334837	33.8274365347331
363311.238412495	32.404122813294
369487.212426588	31.0845761820082
375738.605390649	29.8599404101774
382065.41730468	28.7298663274157
388471.838110343	27.6873705260039
394956.471160419	26.7261044534702
401519.316454906	25.8406718402134
408164.563935471	25.03129488557
414890.81695489	24.2866731661401
421699.472160386	23.6068701674483
428590.529551959	22.9859182501711
435568.179071274	22.4203891959737
442631.024071108	21.9066008444223
449779.064551463	21.4394743535394
457016.490454003	21.0181209259789
464341.905131506	20.6383822598718
471758.101878415	20.2954969408642
479265.080694731	19.9893697406688
486864.238227676	19.7174929810594
494555.574477249	19.4762797298893
502343.279385115	19.2625557109226
510224.55965683	19.0747337860412
518203.605234061	18.9127504697205
526281.812764028	18.7730823153386
534457.78559951	18.6526185321842
542734.31703495	18.5527558018011
551112.80371757	18.4700659058545
559593.245647369	18.402390336504
568178.436118792	18.3482371839186
576869.771779059	18.3069081073265
585667.252628171	18.2783713639653
594572.275313349	18.2586273657776
603586.236481815	18.248152254199
612711.929428012	18.244977977963
621949.354151941	18.2488188522085
631299.907300822	18.2567228000361
640766.382169099	18.2701817312765
650347.382109551	18.2857991703574
660047.097063843	18.3044004291001
669865.527031974	18.3249062535843
679804.068661166	18.3441423675742
689865.515245862	18.3636959091877
700049.866786062	18.3824876245045
710359.916576211	18.3995017451292
720795.664616306	18.414135158577
731361.300848015	18.4249911833039
742055.428624114	18.433117330468
752880.841239047	18.4366407770899
763838.935340036	18.4357837225062
774931.107574303	18.4307683660534
786160.151236291	18.4199123413264
797527.462973221	18.4038505035725
809034.439432314	18.3823606534551
820681.080613572	18.3552205916377
832472.973105881	18.3217954628731
844407.323614797	18.2831962638439
856489.718729206	18.2377723709074
868720.15844911	18.1869839511322
881101.43606895	18.1302278920333
893633.551588728	18.0677581357098
906319.298302886	17.9999555953098
919161.469505868	17.9269154991205
932161.461844895	17.8483204195183
945320.67196719	17.7647417262257
958641.893167194	17.6768142744897
972126.522092131	17.5844745787859
985777.352036442	17.4870877838668
999594.383000129	17.3863362561377
1013581.80492486	17.2822199955984
1027741.01445784	17.1746120311996
1042074.80489354	17.064115475426
1056583.17623194	16.9511429841885
1071270.31841471	16.8361072133975
1086137.62808907	16.7185002788554
1101187.89854946	16.5994966627695
1116422.52644311	16.4787471947539
1131844.30506446	16.3567280162438
1147454.63106074	16.2343279245855
1163257.6943736	16.1114199487294
1179254.89165026	15.9880358314379
1195447.61953796	15.8648739134829
1211840.06797835	15.7417754810526
1228432.23697144	15.6190579617707
1245229.7131061	15.4969118122112
1262232.49638235	15.3760988586708
1279444.77674185	15.2561112169517
1296867.95083181	15.1372028291529
1314504.81194668	15.0199450649968
1332359.55002813	14.9043696672458
1350432.16507615	14.7901592082762
1368726.84703242	14.6780755143846
1387246.38919137	14.5680233572841
1405993.58484745	14.4597487948758
1424969.83064787	14.3540771389809
1444179.31653431	14.2503417915899
1463626.23244843	14.1492093507125
1483310.57839023	14.0503623887249
1503236.54430137	13.9540865904884
1523406.9234763	13.8602549849536
1543825.90585668	13.7695341701301
1564494.88808973	13.6808131493352
1585418.06011712	13.5954568613504
1606598.2152333	13.5121955956814
1628038.1467327	13.4318864069117
1649740.64790976	13.3544340667545
1671711.30535339	13.2797750896849
1693950.11906356	13.2076237908416
1716462.67562918	13.1384563116602
1739251.76834469	13.0718917389923
1762320.19050452	13.0078983300755
1785672.13205034	12.9469204835828
1809310.3862766	12.8886090291283
1833239.14312497	12.8331544232862
1857461.19588987	12.7801122673834
1881980.73451299	12.7297047607565
1906801.94893598	12.6819636461678
1931927.63245329	12.6367619525678
1957361.97500658	12.5943218792931
1983109.16653751	12.5541355421459
2009172.00034054	12.5162346838886
2035553.2697101	12.4811906742437
2062259.95788231	12.4482416869145
2089294.8581516	12.4178003778117
2116660.76381242	12.3897080331235
2144363.26145365	12.3634567686522
2172405.14436974	12.3398718962191
2200791.99914958	12.3182233322899
2229528.01573483	12.2987650189635
2258615.98741993	12.2812747569034
2288060.10414655	12.2656573178225
2317867.3491508	12.252198386582
2348040.51572711	12.2405170500337
2378582.39716994	12.2306450509399
2409501.37336261	12.2225506465382
2440798.84095235	12.2159164092051
2472480.38652803	12.2113771941877
2504551.59667856	12.2079489758529
2537016.66134559	12.2061713811607
2569879.77047078	12.2058539535371
2603146.51064303	12.2071871495562
2636821.071804	12.2094726284461
2670909.04054257	12.2128056184939
2705417.40009486	12.2175352900854
2740347.54710808	12.2233759583596
2775707.86146557	12.2301054239798
2811501.13646176	12.2374062593225
2847734.35533277	12.245659377536
2884411.70802027	12.236390490927
2921540.17776035	12.2438500400815
2959125.35114191	12.2401361368854
2997170.02145939	12.224645668854
3035683.96524334	12.224645668854
3074668.57914099	12.224645668854
3114133.63968288	12.224645668854
3154081.94016345	12.1801740587883
3194521.86046604	12.1801740587883
3235457.59053232	12.1801740587883
3276896.11359838	12.1801740587883
3318843.01625313	12.1801740587883
3361305.28173265	12.1801740587883
