NCBI-031_Lonchura_striata
0	0.221766781650787
690.992260442149	0.221766781650787
1390.52231652403	0.221766781650787
2098.59016824564	0.221766781650787
2815.76500198296	0.288340614720411
3540.90844498402	0.664570368712561
4275.15887000081	1.27027810790682
5017.94709065732	2.03709823937225
5770.41147970552	2.76723374671399
6531.41366439346	3.35782434159679
7302.09201747308	3.82769013871218
8081.87735256842	4.23090246898634
8871.33885605546	4.60553954754621
9669.90734155821	4.96386497522039
10478.7211818286	5.29711903713131
11297.2111904907	5.59678091971623
12125.3773675446	5.85580303418728
12963.788899366	6.08127278621814
13812.4457859552	6.27366797843849
14671.348027312	6.44241194048936
15541.0648098125	6.590623661759
16421.0269470807	6.72423585823266
17311.2344391166	6.84766820423495
18212.825658672	6.95465617639888
19125.2314193712	7.0544372922317
20048.451721214	7.14937402029131
20983.0557505764	7.24578397312579
21929.0435074585	7.34979895114945
22886.4149918603	7.47185097844376
23855.7393901576	7.61390435470855
24836.4475159746	7.78221033101554
25829.6777420632	7.97536204406623
26834.2916956714	8.19880113492092
27851.4277495513	8.45130655241486
28880.5167173267	8.73863847269482
29922.6969717497	9.06039872690273
30976.8301400684	9.41865779310057
32044.6237814106	9.81176990667497
33124.9395230245	10.2330458308103
34218.3465512859	10.6921345241672
35324.8448661949	11.1731755938992
36445.0036541275	11.6674225974239
37578.8229150836	12.1876434827901
38726.3026490633	12.7147394171057
39888.0120424426	13.2597529500345
41063.3819088454	13.819007655787
42252.9814346478	14.3927424356781
43457.3798062257	14.9938048715282
44676.5770235792	15.6070114575495
45910.0039003322	16.249921440383
47158.7988092367	16.9321174172128
48422.3925639167	17.6714771697666
49701.9235371243	18.4803173880539
50996.8225424833	19.3780819846439
52307.0895799939	20.357590647796
53633.2938360319	21.4014301261174
54976.0044969735	22.5089500771397
56334.6523764425	23.6634141365286
57709.806660815	24.8603362684834
59102.036536467	26.0935846725895
60510.7728170225	27.393937801576
61936.5846888574	28.7430666156763
63380.0413383477	30.1464791174271
64841.1427654935	31.6410191984953
66319.3197839188	33.2036726988844
67815.7107663754	34.8367489979711
69330.8848992395	36.5692878778041
70863.7038097591	38.3327246610235
72415.305870686	40.1809448664217
73986.2602683963	42.0676547281002
75575.4286301381	43.9661636602729
77184.5185150392	45.8478565943397
78812.9607367237	47.6856447756564
80461.3244815675	49.4508202295561
82129.6097495708	51.087015518031
83817.8165407334	52.5959294948756
85527.0832278074	53.9345333788276
87256.8406244167	55.0766276590258
89007.6579169373	56.0498850711062
90779.5351053693	56.7892182790694
92573.0413760885	57.3351874172576
94388.7459154711	57.6947869852776
96226.079537141	57.8711625171082
98085.6114274742	57.8862398445339
99967.9107728467	57.736979611938
101872.977573258	57.4503909401931
103801.381015085	57.0411795324573
105753.121098328	56.5243961715658
107728.197822985	55.9215950650355
109727.74956181	55.2294183221632
111751.207128426	54.4820819201528
113799.708895585	53.6550586573469
115872.685676912	52.7848208011449
117971.275845157	51.8786946585354
120094.910213946	50.9368527693568
122244.157969654	49.9522210002308
124420.157485033	48.9598116660771
126621.770387332	47.9603149262497
128850.704235677	46.9495765523294
131106.389843694	45.9507965164466
133389.965584134	44.9331432766911
135700.862270621	43.9194319086305
138040.218275907	42.932504032423
140407.464413616	41.9321578656984
142803.7390565	40.9476322749345
145229.042204559	39.9975748349844
147683.94304417	39.0306615800425
150168.441575331	38.1030475913924
152683.10698442	37.1821228395578
155228.508457811	36.2857252893806
157804.645995506	35.40569247927
160412.088783879	34.5476784070108
163050.836822932	33.7099444019228
165722.028485415	32.8969499552163
168425.66377133	32.1009573187495
171162.311867051	31.3302484047702
173931.97277258	30.5813325996228
176735.215674291	29.8522986927884
179572.609758561	29.1471947343241
182444.155025391	28.4656756445529
185350.989847531	27.8016494399464
188293.114224982	27.1548904914849
191270.528157743	26.5308669848193
194284.370018568	25.9270040946675
197335.208993832	25.3388821467047
200422.475897158	24.7712658949327
203547.309101299	24.2177979099174
206710.277792631	23.6832429456606
209911.95115753	23.1660746882063
213152.329195995	22.6612231207616
216431.411908028	22.1737184432337
219750.906852755	21.701078736407
223110.814030176	21.2429854651953
226511.133440293	20.7992926343505
229953.003455856	20.3652222175758
233436.424076866	19.9472909118482
236962.533676074	19.539141287734
240531.332253482	19.1433216259247
244143.388995463	18.7599779216683
247799.273088396	18.3868406124738
251499.553718655	18.0249847542581
255244.800072616	17.6706144705741
259035.581336656	17.3276981777073
262872.466697151	16.9937406841471
266755.4561541	16.6686623561219
270686.257266632	16.3516137667345
274664.30084837	16.0424621930322
278690.725272067	15.7425614091325
282766.099724098	15.4494693127057
286890.99339084	15.1633451712952
291065.975458668	14.8853038577036
295291.615113958	14.6131288986209
299569.050729463	14.3474971811059
303897.713118806	14.0889661415598
308279.309841115	13.8365536301327
312713.840896391	13.5902463745295
317202.444657385	13.3490489526048
321745.690310473	13.1148725748774
326344.147042032	12.8850893268841
330998.384038437	12.6615573299625
335708.970486064	12.4427104532709
340476.475571289	12.2296635696119
345302.60685324	12.0214478014309
350186.795145542	11.8188329418533
355130.178820946	11.6195759729789
360133.896252203	11.4254686546688
365198.516625691	11.2369755172576
370324.039941409	11.0524507961318
375512.742944861	10.8720935757205
380763.487263295	10.6966205599682
386078.549642215	10.5249699652534
391457.930081621	10.3580310353591
396902.766954265	10.1944367238726
402413.629446522	10.0357929785215
407991.655931146	9.8809583819126
413637.415594511	9.73011874617969
419351.477622995	9.58295553623631
425134.980389348	9.43980055946419
430988.493079947	9.3003220084816
436913.723253919	9.16477205689865
442910.10172489	9.03261981290458
448979.905238362	8.90459525273919
455123.133794335	8.77967640966676
461340.925765563	8.65835435861225
467634.419524796	8.54066891646146
474004.18425841	8.42600955763202
480451.927525535	8.31478772327726
486977.080139792	8.20689723503505
493581.918846687	8.10217882536213
500267.012832596	8.00095102934498
507032.931283894	7.90249714303907
513881.381759709	7.80709588464504
520812.364260042	7.71474725416289
527828.155530396	7.62530525634467
534929.324757148	7.53890261414307
542115.871940296	7.45511461410947
549390.643011722	7.3741005237871
556753.06878505	7.2958470708807
564204.856819406	7.22002244800854
571747.714673919	7.14697173484761
579381.64234859	7.07628349024458
587108.347402546	7.00836915535278
594928.968208538	6.94249875393242
602844.64313932	6.87900409336522
610856.510567643	6.81787190135591
618965.708866258	6.75877037052277
627173.376407919	6.70204458054279
635480.651565376	6.64737599632951
643888.672711382	6.59472480099714
652398.578218689	6.54406444995512
661012.075646425	6.49534185402239
669730.303367341	6.44830483958883
678554.39975419	6.40323212485509
687485.503179723	6.35997771457321
696524.752016693	6.31831597972362
705674.423010604	6.27845927703062
714934.516161456	6.23999616534087
724307.877401127	6.2032186351503
733794.506729619	6.16803378039201
743396.111706059	6.13418942745589
753114.969075952	6.10169884863723
762951.078839297	6.07057531623127
772907.286927974	6.04101791466707
782984.162528359	6.01252229672439
793183.413199581	5.98526100224173
803506.746500766	5.95915439744748
813955.300804668	5.93428211611326
824530.214484038	5.91047161840056
835234.333470755	5.88765654283304
846068.226951196	5.86592979547758
857033.033298114	5.84523828715311
868131.598443387	5.82551565638328
879365.060759768	5.80670881398702
890734.558620008	5.7886983093069
902242.368769612	5.77156377611453
913889.629581332	5.75525212522885
925678.617800671	5.73969699517351
937610.471800382	5.72492493053904
949687.468325968	5.71067048542007
961911.314936557	5.69739819015101
974283.150004902	5.68459042521636
986805.819462882	5.67245954734044
999479.892496873	5.66103210111377
1012308.21503876	5.64987010079249
1025291.92546128	5.63925226457724
1038433.86969633	5.62923168164909
1051735.18611665	5.61968890135064
1065198.15146775	5.61053101761498
1078824.47330876	5.60186420880428
1092615.85919881	5.59358229655639
1106575.15506977	5.58555255791861
1120704.06848077	5.57786789895782
1135004.30699094	5.57031596294972
1149478.14734579	5.56321528498077
1164127.86629081	5.55610133471655
1178955.74057152	5.53924551972484
1193963.47774703	5.53924551972484
1209153.35456287	5.53924551972484
1224527.64776452	5.53924551972484
1240088.63409749	5.50491009186377
1255838.59030729	5.50491009186377
1271780.36232579	5.50491009186377
1287915.08852575	5.50491009186377
1304245.61483905	5.50491009186377
1320774.78719757	5.50491009186377
