B10K-CU-030-46_Menura_novaehollandiae
0	0.240098824891141
892.634884713183	0.240098824891141
1798.56561740449	0.240098824891141
2717.79219807392	0.240098824891141
3650.31462672148	2.95205806990168
4597.34161679972	1.78397280379151
5557.66445485608	1.18879059441672
6532.49185434312	0.921869987561732
7521.82381526085	0.779388809208099
8525.66033760926	0.687179395378094
9544.00142138835	0.626117395845007
10578.0557800507	0.588455302642931
11626.6147001437	0.568281736194307
12690.8868951199	0.560107387992666
13771.4767217057	0.560505613240529
14867.1754664484	0.568768190988103
15979.7961995269	0.58528142357164
17108.1302074887	0.609079555150513
18253.3862037862	0.63973574548899
19416.1685451459	0.676420159938828
20595.268518115	0.718922955255645
21792.4991928725	0.766781522468871
23006.6518559658	0.819952939096698
24239.5395775737	0.879019043225825
25489.9536442437	0.943457611327618
26759.1027694283	1.01336402669498
28046.9869531276	1.08815645124121
29354.2105520677	1.16692635910142
30680.1692095225	1.24968805776955
32026.0716389445	1.33524925608433
33391.9178403336	1.42326418960901
34777.70781369	1.51329171061389
36184.0459157398	1.60476190392391
37611.5365032094	1.69828045344899
39059.5752193724	1.79417881613195
40529.3707776814	1.89260960524144
42020.3188214102	1.99406166015358
43534.2324207376	2.09854928836231
45069.902862211	2.20537857641176
46627.9345025567	2.31473552172309
48209.5360552272	2.42531337318357
49814.1031634963	2.53639675609642
51442.8445408166	2.6480977458308
53095.1558304617	2.75963658396725
54772.2457458843	2.86931783247445
56474.1142870842	2.97944261329364
58200.7614540616	3.08887348065698
59952.7916035426	3.19841165422483
61731.4134489799	3.30833851471125
63536.0226336472	3.42100526028626
65366.6191575445	3.53413461483184
67225.0160908505	3.65111745441063
69110.6090768391	3.77003895941764
71024.0024722365	3.88767040538817
72965.8006337689	4.0046365528907
74936.6079181628	4.1176299862439
76935.8199686917	4.22500295906289
78965.2498555345	4.3252031082557
81024.293221965	4.41622738467141
83113.5544247094	4.49870054887851
85233.637820494	4.57210037734838
87385.7521227713	4.63646979256282
89568.6886180889	4.69287947198465
91784.8647333517	4.74196371451165
94033.0717551074	4.7823418469791
96314.5183968083	4.81526339052398
98629.8090151808	4.83946451651536
100979.547966951	4.85553660136923
103363.735252119	4.86101637154641
105782.975227412	4.85943300888424
108238.476606281	4.84942253229425
110729.635032	4.83107794048701
113257.659218023	4.80617574729281
115823.153521075	4.77562924774117
118426.722297882	4.74033742936769
121068.969905171	4.70180496361789
123749.896342942	4.66112160461316
126470.105967921	4.61739551856489
129230.807493561	4.57359551046461
132032.605276587	4.52795937397599
134875.499317001	4.48278823104025
137760.093971528	4.43663225560532
140687.59795362	4.39136096021204
143658.615620005	4.34649265923127
146673.146970681	4.30127382464909
149732.400719103	4.25621237250019
152836.981221995	4.21159206808097
155986.888479358	4.16670469044162
159183.331204644	4.12276399198431
162427.518111307	4.07833683873321
165719.449199345	4.03479675010609
169059.728825486	3.99069151546853
172449.565703181	3.94727780970451
175889.564189158	3.90423371420048
179380.328640142	3.8610370054278
182922.463412859	3.81831005937267
186517.177220763	3.77616018223959
190164.470063853	3.73472091063862
193866.155012308	3.69273080052114
197622.232066129	3.65185667493062
201433.909938766	3.61129254504202
205302.397343674	3.57099310379122
209227.089924126	3.53176672458556
213210.405107027	3.49250696122739
217252.342892377	3.45423441495075
221354.111993628	3.41661285964815
225516.316767508	3.3797257557009
229740.165927467	3.34391648296343
234026.263830234	3.30900142859691
238375.214832533	3.27498297718366
242788.832004544	3.24198512700446
247267.719702993	3.20999833973001
251813.086641333	3.17937791812637
256424.932819563	3.14976855942749
261105.071307863	3.12141587561258
265854.710819685	3.09424594462964
270674.455711755	3.06874045210784
275564.9103408	3.04434140578369
280527.887776998	3.02147803047524
285563.992377076	2.99981171549272
290675.037211212	2.98006498927982
295861.022279407	2.96153440005143
301123.76065184	2.94453948183874
306464.461041962	2.92919231001092
311883.7278065	2.91560257535481
317382.769658907	2.90359858794318
322964.004026088	2.89308496448313
328626.826551317	2.88423339490189
334373.654661498	2.87693895757727
340205.092713358	2.87144249532383
346122.953777076	2.86741016661643
352127.842209378	2.86491350892474
358222.175437169	2.86391675351392
364405.95346045	2.86455582157636
370680.989349398	2.86668286900805
377049.096174194	2.87014289795805
383510.878291562	2.87507659878337
390068.148771683	2.88126458991034
396722.720684734	2.88870925592129
403475.198387443	2.89745113471569
410327.394949987	2.90723746056736
417280.51908582	2.91824946173282
424336.988221846	2.93038698575451
431497.406714793	2.94328996070173
438763.587634838	2.95713246108403
446137.344052161	2.97190017940747
453619.884680213	2.98735227285748
461212.418232449	3.00358412472696
468917.966492498	3.02040735301243
476736.529460362	3.03780765021995
484671.128919671	3.05570632513287
492722.369227151	3.07397222572347
500893.272166435	3.09235020168323
509184.442094249	3.11150078231549
517598.296437496	3.1305297492493
526136.043909631	3.14975425193355
534800.101937558	3.16911944497484
543592.283591456	3.18842502345806
552514.401941504	3.20792852227405
561567.665701154	3.22706241083005
570755.096654038	3.24628214434966
580078.507870335	3.26501303849316
589539.108063497	3.28375824013058
599139.919017156	3.30211713943176
608882.149444763	3.32007304432043
618768.216773225	3.33772372267181
628800.538429446	3.35463994966786
638981.531840332	3.37116987432765
649312.405719335	3.38721572877597
659795.57749336	3.4025009014634
670434.068946038	3.41716608274698
681229.693147549	3.43122319553831
692184.263168072	3.44450054991017
703301.405147963	3.45689083965805
714582.327800675	3.46861821552026
726029.448553114	3.47932022098379
737646.393545637	3.48936646630862
749434.371491697	3.49841834080495
761397.008531652	3.50650207487833
773536.117735679	3.5137058980747
785854.116530685	3.51991058127793
798354.631057028	3.52494204997848
811039.474384885	3.52922237524742
823911.668297888	3.5323104093551
836974.234579669	3.53455907048525
850229.590657133	3.53573705415258
863680.758313912	3.53584912952174
877330.759333635	3.53500975654421
891182.01114321	3.53316170524425
905238.139882993	3.53039082058546
919501.562979889	3.52664941092141
933975.906574256	3.52189932293492
948664.192449726	3.51632655404717
963569.44238993	3.50986910511775
978694.6781785	3.50244590034771
994043.525955792	3.49432401295716
1009619.00750544	3.48534606051283
1025424.14461107	3.4755335042556
1041463.16776977	3.46511526408846
1057739.09876518	3.4539124963372
1074254.95938091	3.44222088920983
1091015.58447079	3.42983536862659
1108023.39146172	3.41683462580415
1125282.00649405	3.40341658107526
1142796.2644216	3.38949777405864
1160568.58267127	3.3751330501477
1178603.79609687	3.36026279478439
1196904.92648203	3.34519700367063
1215476.80868056	3.32966621900398
1234323.06883283	3.31389936068739
1253447.33307918	3.29790119788552
1272854.43627343	3.28154773231759
1292548.00455594	3.26509888345677
1312532.87278051	3.2485403438091
1332812.66708751	3.23180534506957
1353391.61797402	3.21492011764372
1374275.16465057	3.19805158229412
1395466.93325752	3.18115681653898
1416971.15429196	3.16423343579597
1438793.87132114	3.14733390087618
1460938.10612871	3.13048682676749
1483409.90228192	3.11372082845776
1506214.09463458	3.09702875220004
1529354.30932706	3.08052982711044
1552836.5899266	3.06412628531374
1576665.77128703	3.04787297220336
1600846.68826216	3.03193203937723
1625385.38441924	3.01610318192026
1650286.09025536	3.00057716641825
1675554.84933779	2.98529199373082
1701196.49652033	2.97031204758067
1727217.07537024	2.95558486715671
1753622.02509807	2.94124160448667
1780416.78491435	2.9272536445827
1807607.39838634	2.91353275789885
1835199.90908131	2.90025778810931
1863199.75620979	2.88732142900957
1891612.98333904	2.87486675553899
1920446.23839305	2.86275546192284
1949704.96058237	2.85106147021314
1979396.4021877	2.83991593243763
2009526.00241958	2.8291924657332
2040101.01355873	2.81892445425238
2071127.47917241	2.80918820462948
2102612.04718461	2.79984779567212
2134561.96987605	2.79109876313075
2166983.29081398	2.78279803206601
2199883.86663585	2.77508867741726
2233270.34526564	2.76783716257444
2267149.97898408	2.76124379245264
2301530.02007188	2.75509157006051
2336418.32516648	2.74963326112423
2371821.54219187	2.74464948407014
2407747.52778549	2.740338159231
2444204.13858478	2.73662059539017
2481199.83558391	2.73081890659945
2518741.26670687	2.73081890659945
2556837.49730456	2.73081890659945
2595496.38401441	2.73081890659945
2634726.38783059	2.73306995231192
2674535.96974727	2.73306995231192
2714933.59075863	2.73306995231192
2755927.71185882	2.73306995231192
2797527.39839874	2.73306995231192
2839741.71572928	2.73306995231192
