APP-030_Mesitornis_unicolor
0	0.0491774217026459
225.007685140403	0.0491774217026459
453.7279307899	0.0491774217026459
686.425919841996	0.0491774217026459
923.101652296692	0.0721304465331329
1163.75512815399	0.0863199591680056
1408.51893886064	0.102265989994771
1657.39308441664	0.120208931437954
1910.51015626875	0.140134792404064
2167.87015441697	0.161996511942267
2429.7382617548	0.185804265393284
2695.84929538873	0.211620376719029
2966.60102965903	0.239471556188893
3241.9934645657	0.269168288081956
3521.89400866199	0.30077035252495
3806.70043628814	0.334123847489478
4096.28015599742	0.369083774370269
4390.76575923656	0.405956665306533
4690.28983745234	0.44441945323039
4994.85239064474	0.483967186858581
5304.58601026052	0.525565251641972
5619.62328774644	0.567992606694092
5939.96422310249	0.611955166277432
6265.74140777542	0.657054820186299
6596.95484176524	0.703324638278034
6934.00229941221	0.750327080901652
7276.61859782282	0.798757886978924
7625.06891989057	0.847988729220353
7979.48585706223	0.897997985026908
8339.86940933778	0.948180221625713
8706.35216816399	0.999366001203087
9079.06672498761	1.05090155811773
9458.14567125538	1.10296114507949
9843.58900696731	1.15544809635151
10235.5293235702	1.20830135988947
10634.2318039574	1.2611965967079
11039.6964481291	1.31404350065791
11452.055847532	1.36697307925128
11871.310002166	1.41973094896999
12297.7240949247	1.47197369206471
12731.4307172549	1.52453568647455
13172.4298691565	1.57645027483103
13620.8541420762	1.62774543932115
14076.9687189077	1.67780175607854
14540.9061910976	1.72844569876254
15012.6665586459	1.77622019536334
15492.3824129995	1.8258313409642
15980.186345605	1.87272439867507
16476.343539356	1.91925495987277
16980.9865856991	1.96491425752127
17494.1154846345	2.00925203279368
18015.8628276089	2.05270200958822
18546.6263889625	2.09494493658978
19086.2735772485	2.13648576508162
19635.0695753606	2.17732958273409
20193.2795661921	2.21656188079995
20760.9035497431	2.25517348308184
21338.2067089071	2.29295325125983
21925.3216351309	2.33039850511163
22522.2483284144	2.36663670917044
23129.3845630979	2.4011781751641
23746.8629306281	2.43702971627553
24374.8160224519	2.47108403783219
25013.3764300159	2.50535204154398
25662.8093362138	2.53908965562071
26323.2473324921	2.57191148903259
26994.9556017445	2.6048058217471
27678.0667354176	2.63682253132446
28372.7133249583	2.66847928822383
29079.0279618133	2.69928258842025
29797.5410117696	2.72996251261044
30528.1198833805	2.75979025201529
31271.1623509862	2.78978715645961
32026.6684145867	2.81880214052439
32795.168439969	2.84650959330657
33576.6624271331	2.87498274047799
34371.4155589726	2.90235695085157
35179.5604269341	2.92895274766003
36001.494805358	2.95602551356477
36837.351285691	2.98191285227556
37687.3950508266	3.00733339723079
38551.8912836583	3.03253262852535
39431.1051670797	3.05794935772781
40325.1692925374	3.08265635691501
41234.348842925	3.10738625061883
42159.0415925827	3.13196351421185
43099.3801329573	3.1556122779641
44055.7622383891	3.17897994792896
45028.3205003248	3.20212376039795
46017.3201016579	3.2234550903011
47023.1588167287	3.24508150508513
48046.1018284306	3.26619024941001
49086.2817282105	3.2858629987757
50144.2288818553	3.30577614056591
51220.0758808119	3.32405232441769
52314.2204994204	3.34154627895157
53426.9279205743	3.35745033649787
54558.4633271672	3.37247677090701
55709.2244935394	3.38591712408133
56879.4766025843	3.39838446029924
58069.6174286422	3.40913852352332
59280.0447460534	3.41892084170859
60510.8911462645	3.42713615742288
61762.6869950628	3.43441661370847
63035.6974753415	3.44005884013804
64330.320361441	3.44396362713957
65646.8208362548	3.44687504650325
66985.72926557	3.4489953331259
68347.4434237267	3.4500586562312
69732.0959021717	3.44982080764186
71140.3496581388	3.44867862564597
72572.4698745216	3.44651000615489
74028.9869171069	3.44394200454053
75510.0333773416	3.44084870096147
77016.4048039062	3.43747048784223
78548.2337882475	3.43327824746535
80106.0506961524	3.42843351336475
81690.2533019612	3.42361167378078
83301.5045629076	3.41931895191428
84939.9370704386	3.41481763556301
86606.2137817877	3.41020057471103
88300.7324712953	3.4048356263161
90024.156096195	3.40138745772941
91776.6172479338	3.39733385636984
93558.9114751921	3.39394546790988
95371.4365523102	3.39063593834051
97214.8554365217	3.38815951479263
99089.4333107203	3.38582808985002
100995.700540693	3.38441753324263
102934.45267512	3.38331605260963
104906.087488342	3.38217259869615
106911.135346146	3.38206066994822
108950.259205766	3.38237864934574
111023.989432988	3.38287215337069
113132.856393599	3.38421911409858
115277.655636281	3.38590440490543
117458.652343927	3.38780846553777
119676.774656663	3.38976976246167
121932.420348831	3.39256416540706
124226.517560557	3.39546540943002
126559.331474735	3.39862358080617
128931.922822939	3.4022218356685
131344.68937951	3.40593583503151
133798.426693127	3.40983426244509
136293.665129578	3.41402650282198
138831.465420437	3.41814370006105
141412.092748597	3.42272641913809
144036.740437079	3.42760422309603
146705.806260223	3.43251128115853
149420.085766711	3.4374488652432
152180.507096668	3.44281254172055
154987.865798777	3.44833266406147
157842.692238823	3.45377774326458
160746.04714838	3.45975702785552
163698.593484684	3.46574648778718
166701.391979306	3.47189366550001
169754.972998035	3.47833465617615
172860.529863892	3.48488503176504
176018.592942663	3.49193272713164
179230.355557369	3.4991012546693
182496.61325669	3.50672131295144
185818.294180755	3.51463136844411
189196.326469689	3.5232320751882
192631.770855068	3.5322143572093
196125.422885572	3.54158330217779
199678.343292774	3.55186802781114
203291.592808249	3.56244911024297
206966.099572124	3.57403500757096
210703.05690742	3.58643111640383
214503.260362817	3.59939704431705
218368.035852783	3.6132049816749
222298.444108892	3.62793124353278
226295.545862718	3.64330872719678
230360.401845835	3.65974444629573
234494.205381264	3.67703616593279
238698.282383472	3.69499945805742
242973.560992586	3.71389379385798
247321.499714521	3.73352965761355
251743.159280851	3.75382437468078
256239.733014597	3.77503741624804
260812.812013119	3.79684571524746
265463.324416546	3.81917550045881
270192.861322237	3.84194155340356
275002.616053214	3.86533847747298
279893.914523945	3.88890583849948
284868.347831789	3.9127899070059
289927.109299769	3.93681134261205
295071.790025245	3.96072084947027
300303.583331238	3.98456421661381
305624.345498003	4.00842284676843
311035.269848559	4.03151069486347
316538.080071716	4.05444972860046
322134.234673387	4.07669938300364
327825.324750934	4.0982456669795
333613.073993163	4.11905042300035
339498.94090599	4.13882746960842
345484.649178223	4.15770399856272
351572.055090115	4.17516615515686
357762.617147581	4.1914479722274
364058.324222323	4.20642988952089
370460.900003148	4.21999743445422
376972.068178864	4.23212135292281
383593.685029725	4.24252563880962
390327.606835987	4.25136037839028
397175.822469349	4.25877565794041
404140.320801515	4.26427034192953
411222.958112737	4.26850201175171
418425.855866165	4.27060067577534
425750.870342053	4.27130277428506
433200.123003549	4.27031958198793
440775.867905247	4.26759004683963
448480.226510296	4.2633392982536
456315.187690397	4.25747830199854
464283.138091592	4.25012280257513
472386.331768475	4.24130841367592
480627.022775641	4.23116741473025
489007.465167686	4.21964384136418
497530.178182096	4.20702769078822
506197.548464915	4.19310528084727
515011.962662183	4.17820095052677
523975.940011389	4.16227399846386
533091.99975002	4.14547959860451
542362.661115567	4.12797546872991
551790.841119856	4.10966748693837
561378.793817483	4.09088507988574
571129.568811723	4.07152267841203
581045.685340064	4.05161589620978
591130.193005782	4.03156665923743
601385.743637812	4.01113330315288
611815.386839429	3.9906910436452
622421.907031015	3.97020553893946
633208.486407292	3.94978998970117
644178.041980089	3.92944439593034
655333.755944127	3.90936972060619
666678.810494129	3.88945657881598
678216.25523337	3.87006873899047
689949.537539466	3.8510993600521
701881.972198585	3.83255988925917
714016.873996897	3.81479374436101
726357.55772057	3.79759996237838
738907.735930112	3.78102306042694
751670.856003142	3.76536957064589
764650.630500165	3.75056826565019
777850.5067988	3.73665984680272
791274.462642447	3.72377023394491
804926.210591617	3.7119299530989
818809.595798265	3.70120260014421
832928.463414347	3.69152203536615
847287.056366158	3.68307523065047
861889.219805656	3.67590161544245
876739.196659136	3.6700889520558
891841.097261446	3.66567666993584
907199.297130332	3.66261007662617
922818.039192087	3.66110158236434
938701.831555902	3.66116899399661
954855.182330967	3.66968066650939
971282.599626471	3.66968066650939
987988.856734497	3.66968066650939
1004978.46176424	3.66968066650939
1022256.45319066	3.72264713071287
1039827.60430586	3.72264713071287
1057696.82099336	3.72264713071287
1075869.27431958	3.72264713071287
1094350.13535096	3.72264713071287
1113144.5751539	3.72264713071287
