B10K-DU-003-16_Mionectes_macconnelli
0	0.753967238108889
672.931937104909	0.753967238108889
1355.62999078149	0.753967238108889
2048.09416102973	0.753967238108889
2750.78950101972	22.2253451213107
3463.71601075146	21.5642182515054
4186.40863705487	18.1020914730242
4920.26253944018	14.5496917728396
5664.34761156724	11.6684544727846
6419.12890660612	9.37954771794009
7185.07147772691	7.50548973438203
7961.71027175953	5.97287403792689
8749.97539504413	4.88898991168696
9549.40179441064	4.27402085922765
10360.4545230291	3.99324152573773
11183.5986340697	3.8596124893653
12018.3690743622	3.77557077930119
12865.2308970769	3.71881521704695
13724.1841022135	3.68496052884741
14595.6937429423	3.66233139184163
15479.7598192633	3.65036559144562
16376.8473843465	3.64310365306902
17286.9564381919	3.64577417234299
18209.6219276295	3.65996072034579
19146.2390121694	3.68448264645101
20096.3426386416	3.71932121017254
21059.9328070462	3.76260236289705
22037.4745705531	3.81367955785295
23029.4329823325	3.87266523795704
24035.8080423843	3.9379945726172
25056.5997507086	4.01057647541089
26091.8081073054	4.09138545161703
27142.3632185148	4.18062764658309
28208.2650843368	4.27925882510186
29289.0486516014	4.38610770679002
30386.1090798187	4.50341377974047
31498.5162626486	4.63084908544589
32627.2003064314	4.76805755466975
33772.1612111669	4.91696008724069
34933.8640300253	5.07521412239207
36112.3087630065	5.24655838710746
37307.9604632807	5.42633587058277
38520.8191308478	5.61739512671024
39750.8847657078	5.81950189941319
40999.087474201	6.02840209833941
42265.4272563272	6.24840603529953
43549.9041120865	6.47427574441932
44852.983094649	6.70784779333983
46175.1292571848	6.94493368341031
47516.3425996938	7.1846526117825
48876.6231221761	7.42557093126721
50256.9009309718	7.66581459325113
51657.1760260809	7.90389372908666
53077.4484075034	8.13609772251946
54518.1831284095	8.36174254580565
55980.3102951391	8.57958195661739
57463.3648545224	8.7892692559612
58967.8118597293	8.99158217401162
60493.6513107598	9.18286631597268
62042.2783671243	9.36595149525049
63612.7629224824	9.538157822328
65206.5001363446	9.70358009342532
66822.5599023705	9.85653994124409
68462.8024332406	10.002200369714
70126.2976226147	10.1421449499133
71813.9755768329	10.2717447817671
73525.8362958952	10.3956756165656
75262.8098861418	10.512972319273
77024.8963475727	10.6241877342302
78812.5607333579	10.7274384425808
80625.8030434976	10.8243736071045
82465.5533843317	10.9130629577296
84331.3467026903	10.9955210967155
86224.5781580836	11.0712326606934
88145.2477505116	11.1363277392769
90093.8205331443	11.1930551908019
92070.2965059818	11.241902267908
94075.6057753642	11.2808168873635
96109.7483412916	11.3106423710444
98173.654310104	11.3312475355478
100266.858628631	11.3417984292408
102390.756456384	11.3426230106306
104545.347793362	11.335642179546
106731.097692735	11.3188225932415
108948.471207674	11.2933730130727
111197.933391348	11.2603147955338
113479.949296928	11.2192731309022
115794.983977583	11.1712693756722
118143.502486484	11.1157787962319
120525.969876801	11.0552001748065
122942.851201704	10.99278498574
125395.076567532	10.9194066122857
127882.180921117	10.8439386746275
130405.559421968	10.7665123561684
132965.677123255	10.6837262586752
135562.534024978	10.5983164931234
138197.060233478	10.5121008866678
140869.720801925	10.4243673008355
143580.980783488	10.3338976040277
146331.770284507	10.2425658448578
149122.089304984	10.1519743348901
151952.867951257	10.0617576346451
154824.571276498	9.97155030464323
157738.129387045	9.88481933481901
160693.5422829	9.79899727857225
163691.740070402	9.71700765173972
166733.187802721	9.63778224661183
169818.815586198	9.56327007374643
172949.088474003	9.4946798944991
176124.471519305	9.43134642161212
179345.894828445	9.37426290085054
182614.288507763	9.32339185124211
185929.652557259	9.28162867789438
189292.917083273	9.24762406580578
192705.012192146	9.22253992511656
196166.402937047	9.20765997912684
199677.554371147	9.2016442830781
203239.861653955	9.20583278172886
206853.789838642	9.22215574515083
210520.269031548	9.24886093789057
214239.299232673	9.28845021484685
218012.275601528	9.33904952740635
221840.128244451	9.40231740859187
225722.857161444	9.47881607298739
229661.857512017	9.56838622646078
233658.059402509	9.67172126699896
237712.392939262	9.78946774137355
241824.858122274	9.9205105906596
245997.315164226	10.0655713235732
250229.764065119	10.2261679194913
254523.599984462	10.4004263298004
258879.287975426	10.5900894197109
263298.22319752	10.7943794590484
267781.335757086	11.0138024409384
272329.090707293	11.2477024483662
276942.41815448	11.4961919242487
281623.17831133	11.7592614983428
286370.90612467	12.036133440474
291187.926860353	12.3257114322034
296074.240518377	12.6298601519014
301031.242258254	12.9462464090443
306060.327239493	13.2738863281101
311161.960515264	13.6131828295508
316337.537245077	13.9617183906551
321587.987535274	14.3205612191327
326914.241492193	14.6863005465072
332317.694275346	15.0596953624672
337799.275991072	15.4370350507582
343360.381798882	15.8187319020751
349001.941805115	16.2035771550624
354724.886116112	16.5883755568344
360530.609891384	16.9727522976683
366420.508290439	17.3543460763115
372395.51141962	17.7321636469989
378457.014438435	18.1027380197958
384606.412506395	18.4656850147365
390844.63572984	18.820151939702
397173.079268281	19.1621283306597
403593.138281227	19.4910332325396
410106.207928189	19.8054048874231
416713.683368678	20.1030319179468
423416.494709032	20.3828835973731
430216.037108763	20.6435731297283
437114.635833721	20.8847538160189
444112.290883906	21.1050576007571
451211.792578338	21.2999961375141
458414.071023358	21.4751915721299
465720.056325306	21.624684430014
473132.073750031	21.750236316863
480651.518457045	21.8510695025025
488279.320552688	21.9266030318621
496017.805302809	21.9779144828947
503868.36786692	22.0028580699379
511831.93835136	22.0050319663294
519911.307075149	21.9825902341849
528107.404144629	21.9369290397215
536422.089772479	21.8675517600566
544857.224171379	21.7770071013043
553414.20250084	21.6651545098185
562095.350026713	21.5328279372324
570902.061908507	21.3811424424707
579835.733305732	21.211587894181
588899.15453741	21.0263288185117
598093.25570988	20.824390710184
607420.827142162	20.6078162821862
616883.263993768	20.3785170641041
626482.426477377	20.1377580387515
636221.10491201	19.8856703895314
646100.229404007	19.6240719435988
656122.125219219	19.3543401266844
666289.117623495	19.0775337762547
676603.531882686	18.7956956052982
687067.228209473	18.5080385133974
697682.066816535	18.2169800232635
708450.372969724	17.9236351938213
719374.93698806	17.6276666963204
730457.154031052	17.3312577973955
741699.814417722	17.0349426009012
753105.243413919	16.739630020415
764675.766285495	16.4458447895487
776413.7082983	16.1542803062891
788321.394718183	15.8651801969561
800401.615864165	15.580006219468
812656.231948928	15.2984116748312
825088.498344661	15.0209306669008
837700.740317215	14.7487251058168
850495.28313244	14.4808392267864
863474.917109356	14.2191377081801
876642.432566984	13.9626085637464
890000.619824345	13.712722921647
903552.269200459	13.4678878405605
917299.705961177	13.2298649261834
931245.720425518	12.9982231473345
945394.033018844	12.77322487082
959746.969007005	12.5546264703198
974307.783762192	12.3425122780218
989078.802550254	12.1370790690302
1004064.21084972	11.9381581789699
1019265.86887328	11.7459651234313
1034687.96209945	11.5601625736642
1050332.81579409	11.3808067511269
1066204.15038256	11.2079257665486
1082305.22123705	11.0415289901724
1098639.28372975	10.8815133493245
1115210.05828602	10.7274103318516
1132019.87017171	10.5793792318858
1149073.36991852	10.4374294196703
1166373.81289865	10.3012516771837
1183923.98943111	10.1708647449123
1201728.5500476	10.0461842906685
1219790.75012031	9.92682613448647
1238114.31007461	9.81305264317212
1256702.95033585	9.70432971287065
1275560.3913294	9.60090096990179
1294691.28358696	9.50229790211222
1314098.41742754	9.40869854412021
1333786.44338286	9.31986863984907
1353759.54693143	9.23563015468057
1374021.44849862	9.15585190521175
1394576.79861613	9.08048704022728
1415429.31770932	9.00934815486585
1436584.12136306	8.9423321764537
1458044.46494954	8.87959839912298
1479815.46405364	8.82070642144956
1501901.76920705	8.76564687319036
1524307.10083514	8.71426046021327
1547037.03957594	8.66650033130294
1570095.77090799	8.62233837573017
1593488.41041615	8.58163403984896
1617219.60863213	8.544199918798
1641293.55103447	8.51024215792473
1665716.28331436	8.47945153920797
1690492.45600351	8.45176247094624
1715627.18468679	8.42703439949354
1741125.58494907	8.40544535946816
1766992.77237523	8.36631522442214
1793234.3276033	8.36631522442214
1819855.83127133	8.36631522442214
1846862.39896418	8.36631522442214
1874259.6113199	8.33238557427807
1902053.04897652	8.33238557427807
1930249.22267844	8.33238557427807
1958853.24801051	8.33238557427807
1987871.17066396	8.33238557427807
2017308.57127681	8.33238557427807
