B10K-DU-030-22_Mohoua_ochrocephala
0	0.35542298172782
490.600817348152	0.35542298172782
989.540458787207	0.35542298172782
1497.65280672626	0.35542298172782
2014.38193955924	1.16886495771066
2540.56173969524	1.70364175360708
3075.91424633124	2.13505965131219
3620.71742027027	2.35609971784135
4174.97126151232	2.3841842031826
4739.23169166345	2.2840736237119
5313.22074992063	2.11415900597469
5897.49435788993	1.91861506271209
6492.05251557135	1.72420939329754
7097.17318376791	1.54275461622856
7712.85636247961	1.38171005799872
8339.65797331252	1.24216252794697
8977.3000554636	1.12383351225943
9626.06056973589	1.02511247453409
10286.4954377354	0.944358605128271
10958.3266986592	0.879546624243208
11642.3882349163	0.82897820307902
12338.1241249007	0.790655307753501
13046.3682510214	0.762952265244313
13767.1206132785	0.744549162259573
14500.659172475	0.734268369738405
15246.9839286109	0.731032160314045
16006.6508032922	0.734023156489225
16779.3818357159	0.742454254007321
17566.0109082911	0.755953092008465
18366.5380210178	0.773720456939776
19181.2411346991	0.796016698670754
20010.1202493349	0.822305980842078
20853.7312865313	0.852703341768181
21712.0742462883	0.886981732144264
22585.7050502119	0.925153261266585
23474.9016591053	0.96782944859606
24379.6640729683	1.01458041411561
25300.270252604	1.06637792884976
26237.2761196185	1.12312511842847
27190.6816740118	1.18532754597041
28161.04283739	1.25330913515042
29148.3596097529	1.3274997659856
30153.1879127068	1.40870470667694
31175.8057070546	1.496902765956
32216.4909535993	1.59282958357033
33275.5216131441	1.69692714883324
34353.1756464918	1.81021566995431
35449.7310144456	1.93273147482228
36565.7436386115	2.06562494658147
37701.4914797926	2.20895360438909
38857.5304595948	2.36286881444834
40033.5826172152	2.52882066498584
41230.4818350629	2.70677888276097
42448.5060739409	2.89728535878115
43688.2112554552	3.10148442154258
44949.5973796058	3.31950321865592
46233.2203679989	3.55066968417899
47539.6361422404	3.79541067080481
48868.8447023305	4.05651737132033
50221.679930678	4.3315164619653
51598.4197880862	4.61908197479973
52999.342235358	4.92278312489499
54425.2811549024	5.23937764817862
55875.9585859166	5.56938321706553
57352.4863716126	5.9107200599238
58855.1424727934	6.26321864660584
60384.204850262	6.62588904214275
61940.2294256246	6.9959037258588
63523.7721204872	7.37318096000427
65135.1108956527	7.75439674275692
66775.0796335304	8.13727755374475
68443.9562949232	8.52153882450574
70142.0188406342	8.90270314274931
71870.3791138754	9.27892989544458
73629.037114647	9.64753990079496
75418.8267253579	10.0074100215727
77240.3038676142	10.3555068790658
79093.746502219	10.6904530408251
80979.9885115814	11.010898320318
82899.3078565043	11.3164491654164
84852.8163801999	11.6072296964067
86840.5140826683	11.8815506664613
88863.5128071215	12.1399085567268
90922.0905143625	12.3812074758919
93016.8031259974	12.6074727037554
95148.7624852384	12.8207416294125
97318.2465528885	13.0175086115969
99526.0892113567	13.201902920332
101772.846382249	13.3724653854189
104059.073987172	13.5280607603336
106385.883869337	13.6669997982485
108753.83195035	13.7969991482026
111163.196191015	13.903869742308
113615.366395347	13.9999237075331
116110.620524148	14.0792940898416
118650.070420632	14.1418537416231
121234.272006403	14.1891677894186
123864.05916387	14.2228316330097
126540.265775444	14.2402811289143
129263.725723533	14.2487727729136
132035.272890547	14.2444103989375
134855.741158893	14.2331881086324
137725.964410982	14.2174551054721
140646.776529223	14.1931941304236
143619.011396024	14.1665264327443
146643.780854597	14.1388143082629
149722.196748156	14.105774093429
152854.537037502	14.0735512560923
156042.469487455	14.0390367344393
159286.550019619	13.9992213683502
162587.612516405	13.9611194676814
165947.32474263	13.9178923073723
169365.964659097	13.8709354838164
172845.200030625	13.8202126691249
176385.864739623	13.7673465089962
179988.792668499	13.7074963122519
183655.373621269	13.6452363655528
187386.719441145	13.5777300662508
191183.94197134	13.503085336806
195047.875094261	13.4250076218727
198980.186574728	13.344586758114
202981.988255953	13.2588135854101
207054.391981147	13.1684086068884
211198.509593523	13.0750731786729
215416.008857899	12.978126152849
219707.723656684	12.8777098136478
224075.043793893	12.7764246324403
228519.637034345	12.6695267924183
233042.615221251	12.562286864777
237645.368158627	12.4501759727168
242329.56361129	12.3370751456877
247096.03546165	12.2222154433774
251947.007396132	12.1046129854652
256883.313297144	11.9851547779018
261906.898890307	11.8645068319813
267018.876018834	11.741833606262
272221.190408345	11.6179191776765
277515.50982366	11.4945648040428
282902.94610799	11.3695090742852
288385.722947759	11.2443504155094
293964.952186179	11.1189344341881
299642.857509675	10.9943600489567
305420.828722262	10.8702185710664
311300.811549561	10.7462768965643
317284.751717194	10.6248539556834
323374.039029174	10.5052231906483
329570.897171928	10.3871242515897
335876.993910272	10.2719769534933
342294.274969828	10.1591455583059
348824.964037021	10.0498954874862
355471.006837471	9.94372117791538
362234.071135996	9.84073766790799
369116.658579825	9.74191370116447
376120.436933775	9.64648033737258
383248.185805876	9.55565153348194
390501.572960947	9.46818003197823
397882.822085412	9.38556435827309
405394.434826497	9.30735344108099
413038.634870629	9.23307199052389
420817.645904229	9.16311355873012
428733.969574527	9.09800187276272
436789.829567946	9.03695588301321
444988.005492516	8.98080204895104
453330.721034662	8.92885922266182
461820.755802414	8.88131812556158
470460.611442999	8.83851176329736
479253.067564447	8.79979834316759
488200.347853184	8.76555325335621
497305.787838844	8.73551917131778
506571.889168656	8.70960527733038
516001.43145065	8.68733930884004
525597.194292855	8.66937214052051
535362.513224909	8.65572193631617
545300.167854842	8.6457438762014
555412.937790683	8.63945309679652
565704.436522873	8.63694647247157
576177.443659442	8.63789402490358
586835.016769223	8.64227759014818
597681.047303458	8.65040292793582
608718.314870178	8.66134973175105
619950.154999018	8.67541770667622
631380.459141223	8.69294591300648
643012.284865624	8.71306550873548
654849.523623464	8.73638498600007
666895.51094438	8.76197495631262
679154.138279615	8.79054986815223
691629.297080409	8.82158599445582
704324.3228764	8.85481693070578
717243.385079634	8.89029716873525
730390.375141353	8.92794799811857
743769.462473601	8.96792381238301
757384.538527622	9.00957070953074
771240.050676264	9.0524830281372
785339.89037077	9.09769914035633
799688.504983987	9.14419278333044
814290.619849568	9.19229696270658
829150.126418755	9.24140015902382
844271.750025199	9.29151145425435
859660.493963356	9.34293660812863
875320.805606072	9.39492181695475
891257.132326198	9.44773348525032
907475.033339793	9.50137464033942
923978.956019706	9.55550924925094
940773.903660391	9.61010703874424
957865.43547791	9.66488949500544
975258.554766716	9.71969011521103
992958.542782068	9.77469659345297
1010970.95874003	9.82963344324143
1029301.36185665	9.88425847865131
1047955.0333872	9.93851720784945
1066937.81050853	9.99207057054069
1086255.53039752	10.0452122171592
1105914.30819182	10.097415393318
1125919.98106831	10.1488738477569
1146278.38620384	10.1992152196163
1166996.4726185	10.2480429294438
1188079.79952833	10.2958019938766
1209535.31595342	10.3419111666946
1231369.41499224	10.3862463276111
1253588.76770406	10.4291525915694
1276200.32310895	10.4696975427579
1299210.75226619	10.5083988535914
1322627.28215666	10.5450082834967
1346457.13976124	10.5791897995028
1370707.27409999	10.6109464289336
1395385.46807542	10.6402963357336
1420499.22662919	10.6668671590428
1446056.05470299	10.6909283307031
1472063.7351993	10.7123557304277
1498530.60694222	10.7309162542638
1525464.17487343	10.7465523830541
1552873.33373863	10.7595032753996
1580765.86644029	10.7698052591893
1609150.94568492	10.7771041375074
1638036.63233581	10.7816360416312
1667432.09909946	10.7835008732546
1697346.51868236	10.7826138673038
1727788.50786942	10.7795350787308
1758767.79528873	10.7736166601858
1790293.8316076	10.7652188632324
1822376.06749334	10.7551772293123
1855024.23157404	10.7430255505196
1888248.88636023	10.7286457612158
1922059.48251921	10.712700845371
1956467.1384831	10.6953694151049
1991481.58288	10.676627251825
2027113.93414203	10.6571615580938
2063375.31070133	10.6363820057189
2100276.27506839	10.6153844860113
2137828.50159696	10.594066069953
2176043.38667995	10.5726053696637
2214932.60467109	10.5514655657251
2254508.10788491	10.5309160899791
2294782.12659674	10.5111416091934
2335766.61312113	10.4926809870514
2377474.35365499	10.45568708699
2419917.85643448	10.45568708699
2463110.74153893	10.45568708699
2507065.51720449	10.45568708699
2551796.08147131	10.4366300820074
2597315.77645793	10.4366300820074
2643638.77816531	10.4366300820074
2690779.2625944	10.4366300820074
2738751.68370696	10.4366300820074
2787570.49546474	10.4366300820074
