B10K-DU-002-82_Mystacornis_crossleyi
0	0.371947646233496
208.691892314796	0.371947646233496
421.467126784878	0.371947646233496
638.104982212665	0.371947646233496
858.93654039453	0.414632078059112
1083.96180133047	0.437514947451381
1313.18076502049	0.460851682442944
1546.81415266218	0.485410215967628
1784.86196425552	0.510853500154229
2027.32419980053	0.536855977399875
2274.42158049478	0.563829382319961
2526.15410633827	0.591158985558481
2782.7424985286	0.619099488063561
3044.07639646695	0.647670040282429
3310.37652135093	0.676252082769634
3581.75323377932	0.705416298852559
3858.31689435091	0.734517318459632
4139.95714246691	0.764179446170474
4427.0050599237	0.793609853469862
4719.57100732006	0.823086221842597
5017.54462405721	0.852911128354874
5321.14663133273	0.88249282418736
5630.5977503442	0.912271769626291
5945.89798109162	0.9418553805035
6267.04732357499	0.971542403795738
6594.37685959069	1.00132900941356
6927.77622853992	1.03098730703496
7267.57651221906	1.06078923301056
7613.77771062811	1.09051647224198
7966.60054496466	1.1204716017954
8326.04501522869	1.15059525528443
8692.22148201901	1.18104063628688
9065.46102713199	1.21136153938235
9445.65328996883	1.24210375231683
9833.01899172712	1.27298767856079
10227.7788536044	1.30421439781013
10629.9328756008	1.33570347818649
11039.8121395126	1.36767897992243
11457.306284741	1.4000106799768
11882.8567536811	1.43254537477178
12316.3531857343	1.46550329445049
12758.016302098	1.49902806736714
13208.0668239699	1.53294159436252
13666.7254725475	1.56760390384449
14133.8818872321	1.60258028066099
14609.9775104188	1.63788221508036
15095.1227027064	1.67409188069832
15589.4278246937	1.71095649161147
16093.0032369795	1.74801835213106
16606.1800213601	1.78607412086176
17128.9581778356	1.82425819758889
17661.7791488011	1.86337681614072
18204.5325736579	1.90280567193765
18757.6598948011	1.9430024606684
19321.1611122307	1.98408208501634
19895.3673077431	2.02551024750382
20480.4992025358	2.06754547916842
21076.5567966089	2.10994456933035
21683.9815323575	2.15328586149587
22302.8837703804	2.19659076781166
22933.4842318753	2.24097001421692
23576.0036380396	2.2852669136991
24230.662710071	2.33036430187539
24897.7925297658	2.37553254670643
25577.5034577229	2.42177130153749
26270.0162151398	2.46718467209304
26975.6618838129	2.51380835091338
27694.6611849397	2.56048373594122
28427.234839718	2.6074808484825
29173.7139299439	2.65474606728496
29934.2088162164	2.70224875163304
30709.1609409306	2.74956950673246
31498.791025284	2.79722539465836
32303.3197904743	2.84490617816566
33123.0783182978	2.89292592458889
33958.397690551	2.94101078253269
34809.3882678325	2.98893860680922
35676.6018531364	3.03667492661348
36560.1488070615	3.08464488187392
37460.4705720028	3.13230459988927
38377.7878691581	3.18005815509603
39312.4317803236	3.22804726080369
40264.7333872958	3.27557867082262
41235.1341324697	3.32300475338179
42223.8547370431	3.37072766787299
43231.2262828123	3.41789138930514
44257.6902121723	3.46534045240099
45303.5776069197	3.51261716147178
46369.2195488508	3.56032667064992
47455.0574803607	3.60748464694791
48561.4224832459	3.65517500567882
49688.6456393027	3.70295728655642
50837.278751525	3.75080659399933
52007.5425411104	3.79937978834743
53200.0991716518	3.84814640221254
54415.0590037478	3.89746837904724
55653.0842009913	3.94733614362793
56914.5058451785	3.99737243214423
58199.7653787048	4.04880095817397
59509.4146045639	4.10022756915899
60843.7846045524	4.15273426536764
62203.3168210653	4.20620422907185
63588.6734176955	4.26000932560253
65000.1854762392	4.31514537821554
66438.4047996905	4.37109532483572
67903.8831910434	4.42818280802122
69396.9517320941	4.48629675517812
70918.3829470342	4.54520544589497
72468.5079176601	4.60493186070843
74047.9888075646	4.66656182997632
75657.3774197416	4.72882950913689
77297.1151965862	4.79234579745669
78967.9746622901	4.85708771439907
80670.3972592483	4.92271629704808
82405.0451510537	4.99023311379374
84172.4701407002	5.05836657494012
85973.3343917804	5.12790184882357
87808.3000678873	5.19893085759076
89677.9189720148	5.27118932506998
91582.8532677555	5.34499323364046
93523.875479301	5.41998830002849
95501.6477702441	5.49670690666701
97516.8323041776	5.57459752067586
99570.0912446941	5.65404315099959
101662.197115985	5.73510699411406
103793.922442243	5.81725858263105
105965.81902646	5.90219464617494
108178.990474626	5.98747158767948
110433.878229134	6.07493934034686
112731.475535375	6.16385869691409
115072.55491754	6.25463947695184
117457.88889982	6.34684888035277
119888.360367006	6.44096375325285
122364.74184329	6.53650341942667
124888.026574059	6.63435645962558
127458.987083507	6.73298892302665
130078.616617022	6.83388879937947
132747.798059394	6.93676500188618
135467.524656012	7.04131878357003
138238.568931069	7.14785272149722
141062.144851151	7.25568697479115
143939.024940448	7.36483686380963
146870.423165549	7.47632885252404
149857.222411243	7.58890475655153
152900.526283519	7.70400660456835
156001.328027765	7.82006788999127
159160.841610567	7.93742183060205
162380.060277317	8.0575659913739
165660.197994599	8.17829041069674
169002.468729	8.30014853649546
172407.865725911	8.42390447161443
175877.713312515	8.54910052036491
179413.115094802	8.67549155702241
183015.505760556	8.80299906475327
186685.988915763	8.93114236733208
190425.888887611	9.06077940479465
194236.530003284	9.19178761427872
198119.236589968	9.32315968226011
202075.332974848	9.45507179285332
206106.364206308	9.58783418330344
210213.544250933	9.72035719316321
214398.528517707	9.85388560150243
218662.641333815	9.98767637096867
223007.31738704	10.1207566588428
227434.212086365	10.2542046353036
231944.870480173	10.3877464489559
236540.837616846	10.5197294162039
241223.768905367	10.6517583445252
245995.209394119	10.7831725434904
250857.035213282	10.9132596164629
255810.681050639	11.04141440931
260858.02303637	11.1691364020498
266000.937300654	11.2941849923567
271241.079252474	11.4176326052753
276580.325022008	11.5383417042403
282020.550739437	11.6573368381785
287563.742895538	11.7739937025102
293211.667259893	11.8866347180583
298966.531044476	11.9965563701
304830.210379468	12.1037012072938
310804.802116246	12.2067018877075
316892.403106186	12.3061559052946
323095.110200665	12.4022049733647
329415.240972259	12.4933706773917
335854.781911745	12.5802083803453
342416.271312896	12.6626970167335
349101.806027088	12.7406355068604
355913.703626897	12.8131525053772
362854.612766693	12.8814372550567
369926.740658453	12.9445360636269
377132.625595947	13.002234446079
384474.805872949	13.0545860236651
391955.819783231	13.1017918760812
399578.426341763	13.1434804846509
407345.163842316	13.1794603449022
415258.791299861	13.2100627595719
423322.178089965	13.2347381108247
431537.972867001	13.2545511635263
439909.265727734	13.2683720412905
448438.815687135	13.2768767549043
457129.823202567	13.2791671483927
465985.1576496	13.2769629319168
475007.909125	13.2689752803782
484201.498807329	13.2556829549575
493568.796072155	13.2365650634902
503113.44281924	13.2129812877294
512838.529145349	13.1838381371384
522747.586589644	13.1493022206081
532844.036330686	13.1104172375125
543131.520268237	13.0666699558657
553613.569941457	13.0180201597287
564293.827250107	12.9644812544145
575176.154815144	12.9069839516583
586264.304896927	12.8450916212634
597562.250477013	12.7791719518165
609073.854176359	12.709257499078
620803.199337122	12.635491891402
632754.369301455	12.5580742934396
644931.668132712	12.4775409177134
657339.179173048	12.3938994244021
669981.537567612	12.307306847173
682862.937019159	12.217542955883
695988.012672838	12.1256303844141
709361.289313199	12.0315959433924
722987.51244599	11.9351044999914
736871.537937558	11.837109746483
751018.22165425	11.737682539522
765432.419462412	11.6372595093051
780119.20794959	11.5357793744013
795083.884424525	11.4334815154008
810331.63583536	11.3305708420891
825867.759490837	11.2280048768275
841697.663060297	11.1252186814228
857827.085294878	11.022943802959
874261.544224519	10.9214387724738
891006.888960955	10.8207016749224
908068.968615923	10.7214544821653
925453.853022356	10.6231131055621
943167.501652589	10.5270276516423
961216.205060754	10.4325259397082
979606.25380098	10.340193973445
998344.159148597	10.2504109317078
1017436.54273953	10.1630714870369
1036890.02620972	10.0786007793606
1056711.56227687	9.99686858563792
1076907.88293751	9.91870795032316
1097486.27199118	9.84383161670794
1118453.90287678	9.77277579731462
1139818.16975444	9.70527621597147
1161586.46678427	9.64189398078225
1183766.5192082	9.58265015723893
1206366.16262873	9.52794498968854
1229393.23264838	9.47796615251393
1252855.89595146	9.43303154313907
1276762.31922228	9.39315456687702
1301121.00022695	9.32294328220644
1325940.32637098	9.32294328220644
1351229.12650226	9.32294328220644
1376996.33982931	9.32294328220644
1403250.79520002	9.30953413905767
1430001.98362589	9.30953413905767
1457259.17539722	9.30953413905767
1485031.8615255	9.30953413905767
1513329.86410403	9.30953413905767
1542163.11558671	9.30953413905767
