B10K-Nothocercus_nigrocapillus
0	2.85510956634676
838.202534418924	2.85510956634676
1688.0043755778	2.85510956634676
2550.01601330506	2.85510956634676
3423.01646794385	0.739302423588595
4308.22671915102	0.690869744893658
5206.25725675498	0.75644645522572
6115.88710109889	0.861508112087045
7038.3372318396	0.936424057333034
7972.99715914869	0.974058837648787
8921.08786268298	0.998679308865417
9881.99885261407	1.02846509053478
10856.3406187704	1.07515495054395
11843.5026713235	1.14842279551102
12844.7059899302	1.25566297572954
13859.3400847621	1.40241967527961
14888.0154456477	1.58937486669043
15930.7320725869	1.81380697440562
16988.1004554082	2.06796171818561
18059.510104283	2.34638963235716
19146.1819988684	2.64291507679465
20246.8951595074	2.9522653935176
21363.4810556852	3.27537513747343
22495.3291975736	3.61211801745304
23642.4395851724	3.96529138373828
24805.4227083101	4.33433324044861
25984.8890568151	4.71925621670492
27179.6176510305	5.1238111614179
28391.4399604417	5.54630577238542
29619.7454952202	5.99047826939722
30864.534255366	6.45433956590979
32127.027220536	6.93354524432961
33406.6139009016	7.43117049559861
34703.9047862914	7.93678998040448
36018.8998767054	8.44877454214965
37351.5991721435	8.96056966708115
38703.2236522626	9.46394748292526
40072.5523374058	9.94516119156999
41461.4166970584	10.4056820856015
42869.206241392	10.8288397254169
44296.531460235	11.2205445396026
45742.781863759	11.567775904499
47209.1784316208	11.8672944505925
48696.3316536489	12.1147683894104
50203.0205501863	12.3204336234514
51731.0765907184	12.4714842241113
53279.8892854167	12.581692247744
54850.0691241097	12.6409417684995
56441.6161067974	12.6653349155397
58054.5302334797	12.6583068097525
59690.6429736419	12.6209309264155
61348.7333476272	12.5631463836857
63029.4118452639	12.4926632598796
64733.2889563806	12.4144511140757
66460.3646809772	12.3298170602885
68211.8599987106	12.2476077977162
69986.5539299239	12.1626390722248
71786.2779441023	12.0840606819145
73610.4215514175	12.0030448712684
75459.5952416978	11.9192885413844
77334.4095047718	11.8282578378556
79234.2538508108	11.7268965134213
81160.9597493004	11.6099950557056
83113.9167104119	11.4830787051072
85093.7352239739	11.3479344822351
87100.4152899863	11.1968270505311
89135.1778881059	11.0426254842038
91197.4125285044	10.8828544755546
93288.3401908386	10.721511141352
95407.35038528	10.5596310695106
97556.2745813139	10.4024174578459
99733.8917992836	10.2470918997575
101942.033508674	10.101465506529
104180.699709486	9.96245045809759
106449.27991189	9.82952264594543
108749.605585371	9.7042228228237
111081.676729931	9.5881485725277
113445.493345568	9.47896982224928
115841.665922112	9.37661711182344
118270.80494939	9.280187459105
120732.910427403	9.19151208662612
123229.813825635	9.10892395042651
125760.294164431	9.02929734308059
128325.572423447	8.95960985389189
130926.25909251	8.89262499657822
133562.354171623	8.83264930137033
136235.07864044	8.778432485298
138944.432498962	8.72828856071958
141690.41574719	8.6856589630834
144474.859854607	8.64828307974633
147297.154331387	8.61472119092448
150158.520157186	8.587372829591
153058.957332003	8.56377531716819
155999.076345668	8.54518525118672
158979.487688008	8.53059861653413
162001.412338681	8.5210888884879
165064.239807858	8.51568993929831
168169.191075195	8.51413655742622
171316.876630522	8.51484378819725
174507.906963667	8.52073527310239
177742.892564458	8.52787704097774
181021.833432895	8.53757620583764
184346.561038463	8.5492897154829
187716.464891335	8.56388266469594
191132.765971166	8.57860190511809
194595.464277957	8.5960174628548
198106.391281193	8.6136792884493
201664.936491046	8.63048233382182
205272.931377001	8.64943232974926
208930.375939058	8.6678140152357
212637.880667045	8.6863283064917
216396.05605079	8.70369334774477
220206.123069952	8.72146883542747
224068.692214357	8.73880230387826
227983.763484006	8.75438663908284
231953.168348385	8.76963630258327
235976.906807493	8.78332626965114
240055.589351158	8.79598696336475
244190.436959038	8.80721425185492
248382.67061079	8.81703970792393
252631.679816584	8.82540018596723
256939.296045907	8.83261141400759
261306.129788586	8.83801036319719
265732.79153445	8.84182435771241
270220.502263157	8.84306201156172
274769.872464533	8.8432072464522
279381.512628408	8.84208956925155
284056.03324461	8.83781461182306
288795.265782625	8.8322262258198
293599.82073228	8.82481924640531
298470.308583405	8.81540423676591
303407.339825827	8.80320450596557
308412.135439204	8.78908514878671
313485.916403192	8.77262940423925
318629.29320762	8.75393199073003
323842.876342316	8.73316340139136
329128.497276766	8.71075934089466
334486.766500797	8.68521062929105
339918.294504238	8.65721818279109
345424.912756575	8.6271798187035
351006.621257808	8.59483032548914
356665.251477421	8.55984134600431
362401.413905244	8.52306534591053
368216.94001076	8.48354251201853
374111.829793972	8.44185378389024
380087.304234534	8.39814439641614
386145.194801933	8.35206704877117
392286.722475826	8.30438580277045
398511.887256212	8.25436816940115
404823.131102405	8.20261403190653
411220.454014405	8.14921179413299
417706.297951525	8.09402253575049
424280.662913767	8.03674947241763
430945.380370614	7.97833347364228
437701.671301724	7.91851564244579
444551.367176582	7.85768116701593
451494.467995189	7.79521122042805
458532.805227028	7.73198984114595
465668.210341586	7.66797914180689
472901.293828692	7.60314123504814
480233.887157829	7.53759609751836
487667.211308655	7.4712490108107
495202.487260828	7.40509767547718
502840.935994003	7.33804335799849
510584.999467495	7.2707617163434
518434.677681303	7.20349270380922
526392.412594741	7.13648890281417
534459.425187466	7.06927040676364
542637.546928964	7.00218451648267
550927.99879889	6.93572376768682
559332.001776902	6.86945877026509
567851.387332486	6.80349687174523
576487.376445297	6.73822957487549
585242.41107465	6.67339166811675
594117.712200202	6.60946305806361
603115.111291437	6.54621010597923
612235.829328013	6.48374015939135
621481.697779415	6.42218582406955
630854.548115128	6.3614208088047
640356.211804637	6.30168506689413
649988.520317428	6.24295965465646
659752.694633157	6.1853014031358
669651.176711138	6.12862822304622
679685.798020857	6.07300325999228
689857.77954197	6.01872961287586
700169.563233791	5.96556101383918
710622.980565805	5.91356060848679
721220.473497326	5.8626147347305
731962.652518182	5.81298860410944
742853.180567344	5.76450540893086
753892.66813464	5.71736090056888
765084.167669212	5.67125829468208
776428.900150717	5.62622916407274
787929.918028298	5.58264606780776
799588.442281611	5.54006698665522
811406.914869969	5.49887079424247
823388.388242515	5.45851443837033
835534.083378906	5.41980618277711
847846.442238455	5.38186198899903
860327.906780476	5.34509230346571
872980.308474454	5.30957921546306
885807.31025936	5.2751206590565
898810.133114851	5.24177346529014
911991.21900024	5.20938608471305
925353.620364669	5.17804060661114
938899.779167452	5.14790752411671
952631.526878075	5.11855113255833
966551.915945679	5.09025558715651
980663.388329578	5.06302720247169
994968.996478914	5.03667022712975
1009471.182353	5.01133621058163
1024171.77742132	4.98681677233229
1039075.05511268	4.96320663078856
1054182.23640673	4.94051210051091
1069497.59473227	4.91865740677386
1085022.96155879	4.89768043694014
1100761.38933543	4.87748647260293
1116715.93051132	4.85803131183904
1132889.63753562	4.8393212692089
1149285.56285746	4.82166575817487
1165906.75892599	4.80444595181228
1182755.66770052	4.78811018391348
1199836.56260985	4.77227958085113
1217151.88561329	4.75732038713166
1234704.68915998	4.74289161649047
1252498.6361889	4.72907535821348
1270537.38963902	4.71601053263071
1288823.39146965	4.70358979221442
1307360.91510958	4.69151003806274
1326152.40251814	4.68027012045166
1345202.12712412	4.66953536767703
1364513.75186649	4.65930577973886
1384090.32919439	4.64974553520898
1403936.13253663	4.64050101870189
1424054.21434234	4.63198899120766
1444448.23755049	4.62379269173621
1465123.08607972	4.61629730847534
1486081.20188934	4.60921237164408
1507327.46889797	4.60263891420974
1528864.93955475	4.5965201051282
1550698.49777832	4.59084962983901
1572832.41699747	4.58571589218856
1595269.74966134	4.58095471360499
1618015.37968857	4.57683130562744
1641072.97001811	4.5729920528704
1664447.40456861	4.56974005423573
1688142.95676885	4.5668669292284
1712163.90004765	4.56446739625525
1736515.11832361	4.56250356795354
1761200.27453573	4.56111436465329
1786224.25260261	4.55997774377127
1811591.93644289	4.55942206245118
1837308.2099752	4.55940943333027
1863377.95711817	4.55968095942986
1889805.45130059	4.56064708717958
1916595.57644109	4.56528197455403
1943753.82694812	4.56528197455403
1971285.08674032	4.56528197455403
1999194.23973631	4.56528197455403
2027486.78034455	4.58551382625398
2056167.59248366	4.58551382625398
2085242.17056211	4.58551382625398
2114716.61947816	4.58551382625398
2144595.21266063	4.58551382625398
2174884.66549763	4.58551382625398
