B10K-CU-031-10_Nyctibius_bracteatus
0	0.437899326535244
1351.16934119055	0.437899326535244
2723.29410709275	0.437899326535244
4114.55208686212	0.437899326535244
5527.67659676538	0.749130584004827
6960.84542595805	1.01463762795144
8414.96967986238	1.4038666619
9891.87156932285	1.93150808914562
11389.728883495	2.59149645279241
12910.3638332233	3.34817219856225
14452.8653130854	4.1572508257778
16019.055533926	4.96099718319475
17608.0233903227	5.74269460499451
19220.6799876978	6.50439601504953
20857.0253260513	7.28817302207074
22517.9705108054	8.1165544659572
24203.5155419602	8.98823394060827
25913.6604195156	9.86973812236326
27649.3162488939	10.6710716276963
29411.3941355173	11.3431909051349
31198.9829739636	11.9045322775077
33012.993869655	12.4132574776428
34854.3379280138	12.9360465393717
36723.01514904	13.4825108790064
38619.0255327335	13.9774921537356
40543.2801845167	14.3110389603123
42495.7791043895	14.3999678898784
44477.4333977741	14.2189773222395
46489.1541700929	13.814524658016
48530.0303159235	13.2997473316595
50600.9729406883	12.8213894080274
52702.8931498094	12.513357512437
54835.7909432869	12.4303607330218
57001.4885319652	12.5727056752953
59198.1637049998	12.9066257407579
61427.6386732353	13.3640811667795
63689.9134366717	13.8896563394782
65985.8991007312	14.4099658957508
68316.506770836	14.8418264267391
70680.8253415639	15.1410200851383
73080.6770237594	15.2816453704018
75516.9729228447	15.2955492639017
77987.8908279754	15.2439328922513
80496.1640554181	15.1845180760204
83041.7926051729	15.1624824710777
85624.7764772398	15.2037675699933
88246.026777041	15.3067870225022
90906.4546099988	15.4743935929466
93606.9710815354	15.6748469453503
96346.6650862286	15.8962161260391
99127.3588349228	16.1013885372146
101949.052327618	16.265209196102
104812.656669737	16.3550046195103
107719.082966701	16.3776667661544
110668.331218511	16.3375147745709
113661.312530588	16.2664222874811
116698.026902933	16.1791730229016
119780.296546391	16.1196915532983
122909.032566383	16.0990689998522
126083.323857488	16.1366615019323
129304.992630549	16.2278699768373
132574.038885567	16.375240583396
135892.284833386	16.5742408922796
139259.730474007	16.8047415849984
142676.375807428	17.0488795577272
146144.043044496	17.2881118422412
149663.643290632	17.5041487531314
153235.176545835	17.6797403975991
156859.553915529	17.8035690329971
160537.686505135	17.8793139254861
164269.574314654	17.9005630206335
168057.950660353	17.870315720201
171901.904436808	17.7948907638998
175803.257854864	17.6772075694448
179762.922019945	17.5199056103862
183780.896932049	17.3333294901333
187858.093696599	17.1208385386592
191996.334524439	16.8922574630679
196195.61941557	16.6484260958526
200456.859475414	16.4061010948554
204781.876914815	16.1587637602475
209170.671733773	15.917398567814
213624.15503771	15.6782062753235
218145.060142894	15.4442929299335
222731.56483848	15.2167516469529
227387.313546156	14.9938361080226
232111.3951605	14.7768393885687
236905.631892358	14.5622688518732
241770.93484715	14.3500311832145
246709.126235723	14.1394998408914
251719.294952653	13.9294350721757
256805.085419629	13.7145712606413
261965.586531229	13.4962014817143
267202.620498298	13.2742590820222
272517.098426258	13.0492906192194
277910.842525953	12.8213360853294
283384.763902806	12.5941547305602
288939.773662239	12.3658402684588
294576.782909674	12.1431646816694
300297.613855955	11.9269811333598
306103.177606506	11.7198891050568
311995.296372169	11.5245813930087
317974.881258368	11.342844307598
324042.843370526	11.1763708444859
330200.093814063	11.0274005569876
336449.365905247	10.8976397714387
342791.5707495	10.7880216350541
349227.619452245	10.6981728889477
355759.334224325	10.6310262815089
362387.626171163	10.5857153188953
369114.317503604	10.5631998096707
375941.230432492	10.5626399213419
382868.364957827	10.5826092717376
389899.365501298	10.6248941712405
397034.232062905	10.6859353297599
404274.786853492	10.7659593687624
411622.852083905	10.8656461526471
419079.338859565	10.9815030446961
426646.980496739	11.1134500608624
434327.599206271	11.2597408827869
442121.194988162	11.4199889209092
450030.501158677	11.5920212752864
458057.339928663	11.7763845035729
466202.622403541	11.9715189168526
474469.081899577	12.1776511365918
482858.540627617	12.391648454284
491371.909693081	12.6151105508687
500011.922412239	12.8468643269902
508780.400995932	13.0872963722089
517678.256549585	13.3351136110987
526708.222389463	13.5909692467098
535873.031831834	13.8545433428544
545172.684876697	14.1263691265124
554610.825945741	14.4067532031971
564188.36614439	14.6967753575428
573908.94989433	14.9958357091971
583772.577195563	15.3041742103009
593783.8035752	15.6245103184516
603942.629033241	15.9529648073706
614251.786885953	16.2945100186452
624714.921555024	16.6425339377251
635332.033040454	17.0041818061405
646107.676869356	17.3732148682268
657042.76414715	17.7535790036352
668140.028190104	18.1419682050905
679402.202314485	18.5391289903645
690831.108731136	18.9453413036215
702429.480756325	19.3588854878517
714200.051706319	19.7775753124375
726145.554897384	20.2032237491105
738267.812540365	20.6318582568706
750569.557951528	21.0639320786509
763054.435552562	21.5016581064177
775724.267554312	21.9388242458556
788581.787273046	22.3755771343842
801630.63913045	22.8122233775168
814872.645337371	23.2475365531997
828310.539210074	23.6785839130437
841947.96517025	24.1053387956999
855788.567639586	24.5263348269736
869833.257723505	24.9414253694454
884087.502054541	25.3518901678668
898552.211738116	25.7511971917347
913231.942301341	26.1444254280322
928129.427060482	26.5241096990413
943247.399331807	26.8953556530941
958590.414642427	27.2519911878987
974160.295203185	27.596589123633
989961.596541194	27.9241637880353
1005997.05197272	28.2387677061525
1022270.30591945	28.5295230475955
1038785.00280308	28.804668169203
1055544.78704529	29.0565912558377
1072553.30306778	29.2858521958284
1089813.2841868	29.4927442640139
1107330.1970349	29.6719885132938
1125106.77492834	29.8260644491242
1143146.66228881	29.9543855218274
1161454.41464341	30.0517127763263
1180033.67641385	30.1228319247651
1198888.09202181	30.1662366009257
1218023.12809981	30.1817401753651
1237441.51796414	30.1660499714827
1257147.81714189	30.1240716774933
1277146.58116019	30.052965859729
1297441.45444071	29.955985202767
1318037.903616	29.8288372294195
1338939.57310774	29.6791470854984
1360151.92954847	29.4991963104702
1381677.70625445	29.296663372845
1403524.19206906	29.0671624807134
1425694.12030857	28.8138663346056
1448192.04650008	28.5383079620886
1471025.25948699	28.2395542159478
1494195.58148012	27.9204578605253
1517710.30132286	27.5815387921265
1541573.97454232	27.2250365640668
1565792.06777104	26.8510311603932
1590368.2254307	26.4628285883809
1615309.73636468	26.0589891351842
1640621.15610009	25.6448717319507
1666307.95126947	25.2198231756301
1692375.58850534	24.7871228121485
1718829.53444025	24.3475038286032
1745676.16681214	23.9021793163734
1772921.86335898	23.4543086453148
1800570.26850245	23.005011592085
1828629.58219136	22.5543681407311
1857105.27105823	22.1051377408739
1886002.8017356	21.6594399697582
1915329.46306685	21.2165816323102
1945090.72168451	20.7803886321105
1975293.86643196	20.3482748183068
2005944.36394173	19.9244793453888
2037050.41416262	19.5081757115379
2068617.48372717	19.0997771676634
2100651.95037334	18.7014699443827
2133162.92515534	18.3134806631623
2166154.96360028	17.9354493957908
2199637.17676239	17.5676160944092
2233615.0312742	17.2115937706314
2268097.63818994	16.8668491974776
2303092.28635298	16.5333823749479
2338605.35350128	16.2116332153006
2374645.03958363	15.902228260237
2411219.54454885	15.6040210717505
2448336.1572403	15.3182913945927
2486003.98871221	15.0440527588509
2524230.32780795	14.7817317461089
2563023.37447634	14.5308884441084
2602392.23977158	14.2915761755474
2642344.21253706	14.0640348925668
2682889.31493242	13.8466249222035
2724036.65801188	13.6412525509106
2765793.53061883	13.4458115321175
2808169.95491291	13.2612616743881
2851174.13084291	13.0871230734404
2894816.99167391	12.9230091397141
2939107.64846012	12.7688932118602
2984054.30115035	12.6242953855968
3029667.88300966	12.4892556529473
3075958.41619771	12.3635473924454
3122935.0117687	12.2469306519501
3170609.51409314	12.139072164599
3218990.12311981	12.0394253727377
3268088.68321922	11.9484568499736
3317915.216551	11.865393417186
3368481.56748564	11.7899951222338
3419797.75818279	11.7223419491641
3471874.72190752	11.6623539139299
3524724.30303031	11.6084979889641
3578357.43481623	11.5621072417163
3632786.8727412	11.5220885568779
3688022.63896485	11.4879753608413
3744078.40006852	11.4594877094423
3800966.00042271	11.413430229057
3858697.28439789	11.413430229057
3917284.09636456	11.413430229057
3976740.10290406	11.413430229057
4037078.97059771	11.3870888162519
4098311.63271059	11.3870888162519
4160453.57803486	11.3870888162519
4223516.65094103	11.3870888162519
4287515.42911584	11.3870888162519
4352463.57914063	11.3870888162519
