B10K-DU-001-53_Odontophorus_gujanensis
0	3.15830939701355
1294.17150915297	3.15830939701355
2601.836749681	3.15830939701355
3924.22242443635	3.15830939701355
5260.10183056677	14.4313005482028
6609.47496807223	18.4868496237908
7973.56853980503	21.1059383466985
9352.38254576517	22.6235351467872
10744.6902831004	22.9895089623106
12152.9451575151	22.255054121839
13575.9204661573	20.6526585108364
15012.3895061745	18.5715434206974
16466.0323861235	16.3851255347145
17933.1689974477	14.3700248749294
19417.4794487037	12.6102526472012
20916.510334187	11.1465542863715
22431.48835675	9.96350586011453
23962.4135163925	9.02456249388171
25509.2858131147	8.28433188300731
27073.3319497688	7.70250177542992
28653.3252235025	7.2676781513549
30249.2656343157	6.94159653186365
31863.6065879132	6.7137555162238
33493.8946785903	6.56920373514262
35141.3566091992	6.48516627578176
36805.99237974	6.46902037215573
38489.028693065	6.50942451147356
40189.2388463219	6.60276883723348
41907.849542363	6.74036344032946
43644.8607811882	6.92925738600311
45399.0458599453	7.15656020485543
47172.8581843389	7.42795578003282
48965.0710515166	7.74333909752795
50775.6844614785	8.10786897045062
52605.9251170768	8.51479824883026
54454.5663154593	8.97034901260081
56324.0614623305	9.4736155159491
58213.1838548381	10.0377507632924
60120.70679013	10.6576615752756
62050.3103767628	11.3344768524774
63998.3145061798	12.083528639967
65968.3992869377	12.8930422421732
67959.3380161844	13.7702504988506
69969.9039910676	14.7107428216914
72002.5506172917	15.7194679957909
74057.2778948569	16.7904664762334
76132.8591209107	17.922780010202
78230.5209983056	19.1196902854257
80350.2635270415	20.3735444061207
82492.0867071183	21.684184851276
84657.2172413885	23.0369884203718
86844.4284269996	24.4312856491115
89054.946966804	25.8846007499671
91288.7728608017	27.3674379136316
93545.9061089927	28.8680093177829
95827.5734142292	30.4237262025301
98132.548073659	31.9962584552
100463.283492987	33.581037966474
102817.326266508	35.1954051743116
105195.903097074	36.8512922952947
107600.240687538	38.4851527282417
110030.3390379	40.1190787949433
112484.971445308	41.7917025233437
114966.591315466	43.4351979914627
117473.971945521	45.08655638338
120008.340038327	46.7274265013159
122568.468891031	48.3320536599741
125155.585206484	49.918421508109
127770.91568754	51.4609328814352
130413.233631347	52.9267052689096
133083.765740755	54.3622467490256
135782.512015766	55.699744526554
138509.472456379	56.965255202062
141264.647062595	58.137408425059
144049.262537265	59.2563326730939
146863.31888039	60.2610673149151
149708.042794822	61.1856237621445
152582.207577709	62.0268122143098
155485.81322905	62.7906709768321
158421.313154551	63.4898542375938
161386.253948506	64.1137293283535
164384.315719473	64.6428161507525
167413.045061746	65.1273507805444
170473.668678179	65.532416060294
173566.186568771	65.9149558354727
176691.825436375	66.2278450702939
179850.58528099	66.5058434011818
183042.466102617	66.7411797915944
186268.694604107	66.8834606447672
189528.044082609	67.0400759099397
192821.741240974	67.0723414636899
196151.012782056	67.0956677000667
199514.632003002	67.0449328077784
202913.825606663	66.8881206413422
206349.820295893	66.6439105673107
209821.389367839	66.3241691685117
213329.759525353	65.9334514275126
216874.930768436	65.3949264712054
220456.903097086	64.8026605966502
224076.903214158	64.0748610188927
227736.157822502	63.2468124443938
231433.440219267	62.3159157764722
235169.977107305	61.2901126994317
238945.768486616	60.1551869420309
242760.8143572	58.9528290651773
246616.341421908	57.662364436179
250512.349680742	56.3067386156364
254450.065836554	54.8704226572163
258429.489889343	53.3726209975082
262450.621839109	51.8236381359806
266513.461685853	50.2431641990068
270620.462835278	48.608030471221
274770.398584534	46.9503581121134
278963.268933619	45.2937358930789
283201.527288238	43.616373407598
287483.94694554	41.9501424068935
291811.754608376	40.2842264482109
296184.950276745	38.6364516592935
300603.53395065	37.0078025464599
305069.959035793	35.4052494144463
309582.998829323	33.843966787311
314143.880034091	32.3096071263032
318752.602650098	30.8233307538989
323410.393380197	29.3839693892664
328117.252224386	27.9897509210323
332873.179182667	26.6424080803173
337680.627660743	25.3484123553228
342537.144252911	24.1075537180341
347446.409067726	22.913964510792
352405.968699485	21.7738011797759
357418.276553891	20.6857641766452
362484.559333798	19.6513236975023
367603.590336353	18.6648352394537
372776.596264408	17.7270207737996
378003.577117963	16.8396917921664
383286.986302723	15.9981751712282
388624.370412984	15.2003312505858
394019.409557301	14.4466325932721
399470.877032823	13.7345457363605
404981.226245255	13.0609858933858
410548.003788891	12.4275282744578
416173.663069436	11.8294078689943
421859.430789743	11.2664802827352
427605.306949812	10.734938757915
433411.291549642	10.2359647021161
439278.611292087	9.7656332168147
445207.266177145	9.32365551349075
451199.709610521	8.90777379098675
457254.714889364	8.51705604998772
463373.508716525	8.14996646063654
469557.317794857	7.80525798159624
475806.14212436	7.48062030470569
482119.981705033	7.17562024718469
488501.289942581	6.88941769697465
494950.066837005	6.62038493696204
501466.312388305	6.36740619331906
508052.480002183	6.12998264951092
514707.34297579	5.90651284192591
521432.128011976	5.69682612280216
528228.061813595	5.49960981704811
535096.371083498	5.31429947437438
542035.829118832	5.13998934896783
549050.116028156	4.97618062429365
556136.778405765	4.82220383605516
563299.496360214	4.6774157734575
570537.043188653	4.54110759195123
577851.872296784	4.41309551702355
585242.756981758	4.29248692961219
592712.150649277	4.17926870296624
600260.053299341	4.07262697852894
607887.691634804	3.9723911085384
615596.292358517	3.87812791021439
623385.85547048	3.78927293326756
631257.607673546	3.70585243119973
639212.775670567	3.62731508047246
647251.359461543	3.55360837408208
655374.585749326	3.48415473498832
663583.681236768	3.41896728994208
671879.872626722	3.35766536316683
680263.159919188	3.30015706740614
688735.99651987	3.24603547338165
697297.155725916	3.19530058109335
705947.864240178	3.14772923577568
714691.802171214	3.1031245361649
723526.516113318	3.06130270774821
732454.459472195	3.02222437027285
741478.08565355	2.98565324222234
750594.941251678	2.95147118283845
759809.933077988	2.91966506537026
769120.607726775	2.88997235479947
778530.645306598	2.86240617787697
788038.819114602	2.83676963333906
797647.582556493	2.81306272118571
807358.162335123	2.79115417390779
817171.785153345	2.7708864704943
827087.224308306	2.75240400520532
837109.386611414	2.73540486276978
847235.818656967	2.71991529668952
857468.973850667	2.70596156046637
867811.305598221	2.69332049933477
878261.587196774	2.68190022603831
888822.272052033	2.67188451508981
899495.813569701	2.66307646522553
910280.985046927	2.65542356944181
921179.013186562	2.64883394048224
932193.578097163	2.64343884585598
943323.453075879	2.63901513079747
954571.091528413	2.6356546825631
965936.493454766	2.63325248714557
977423.338963494	2.63172978403938
989030.401351746	2.63124409425551
1000760.13402523	2.63148037577198
1012613.76368678	2.63263552985255
1024592.51703928	2.63467017624444
1036697.62078555	2.6373480334312
1048930.30162847	2.64094476318204
1061291.78627087	2.64528971773506
1073784.52811846	2.65026475633203
1086408.52717125	2.65594863947843
1099165.01013209	2.66236762067609
1112057.65710953	2.66937730566495
1125085.24140072	2.6770564549505
1138250.21641136	2.68531318127634
1151555.03554717	2.6942787521516
1164999.69880813	2.70375626631257
1178585.4328971	2.71375885051017
1192315.91792265	2.72441777225353
1206189.92718191	2.73556238378076
1220211.14078344	2.74717955834096
1234380.7854301	2.75938743669235
1248698.86112189	2.77204162457486
1263169.04796736	2.78510274173576
1277791.34596651	2.79884644994426
1292566.98182219	2.81281331291832
1307499.63564297	2.82735775293266
1322589.30742884	2.84223036171989
1337839.67728835	2.85760178704191
1353249.51851866	2.87320949388041
1368822.51122833	2.88935539750644
1384558.65541735	2.90582946990536
1400461.63119428	2.92273672508448
1416532.66526197	2.93985400827826
1432772.98432327	2.95729946024492
1449185.04178389	2.97503370073173
1465770.06434669	2.99321425074966
1482530.50541736	3.0114079275185
1499467.59169876	3.03020543482946
1516582.54989374	3.04919984340414
1533879.06011085	3.06827301248433
1551357.1223501	3.08758246308099
1569020.41672005	3.10724633595236
1586870.16992354	3.12714649034022
1604907.60866343	3.14700726447533
1623135.18634543	3.16707806662509
1641555.35637523	3.18725388278217
1660170.57215854	3.23676798723533
1678982.06039822	3.23676798723533
1697991.04779712	3.23676798723533
1717201.21446379	3.23676798723533
1736613.78710108	3.33622937892186
1756232.44581756	3.33622937892186
1776057.19061322	3.33622937892186
1796090.47489377	3.33622937892186
1816335.97876776	3.33622937892186
1836794.92893804	3.33622937892186
