B10K-DU-002-24_Oriolus_oriolus
0	1.85219553844587
839.783329258164	1.85219553844587
1691.00958048957	1.85219553844587
2553.0430358068	1.85219553844587
3426.51941309728	23.6244131852731
4311.43871236099	47.142960392066
5208.43665148534	69.7378582827427
6116.87751258293	81.4634113555508
7037.39701354116	79.1390197881251
7970.63087224743	67.6073190409217
8915.94337081434	53.8392525645961
9873.33450924189	42.0802504630562
10843.4400054175	33.4227473520637
11826.8955772285	27.7492865920605
12822.4297889002	24.0953257509309
13831.9497940947	21.807414160236
14854.8198749247	20.3090102229127
15890.4043135027	19.3121936246444
16940.610263491	18.5914697325403
18004.1662891147	18.0891912978504
19081.7081082612	17.7904800188336
20173.871438818	17.6510761564686
21280.0205628976	17.682748082139
22400.7911983875	17.8280953669647
23536.8190631751	18.090494506762
24687.4684393729	18.4296546260132
25853.3750448683	18.8130942298753
27035.1745975488	19.245700351767
28231.5956616395	19.6690556649452
29444.5453908027	20.0883038954927
30673.388067151	20.4439318364453
31918.7594085717	20.7816998916318
33180.0236971774	21.0778047528253
34458.452368743	21.3214159641466
35753.4097053811	21.5269872971611
37065.531424979	21.7096438734795
38394.8175275368	21.8881242576038
39741.9037309418	22.050028219284
41106.7900351941	22.2570705987215
42490.112158181	22.4656827525298
43891.2343820153	22.7288322247308
45310.7924245841	23.0214717349547
46748.7862858877	23.3183960381154
48206.4874017007	23.6424310357558
49683.2600541357	23.9654293899438
51179.1042431928	24.2671025073961
52695.2914046468	24.5305086722615
54231.1858206103	24.7688971751416
55787.4232089706	24.97084519247
57364.6392876152	25.1331539387363
58962.1983386567	25.2933202885343
60580.7360799824	25.4226045362447
62220.8882294798	25.5606953169033
63882.6547871489	25.7203877725517
65566.671470877	25.9018201223167
67272.9382806642	26.0823737933459
69001.4552165105	26.3258270399506
70752.8579963033	26.5876140664713
72527.1466200425	26.9050639099901
74325.592523503	27.2605635046105
76146.92427091	27.6535204826454
77993.0490159257	28.106849600791
79863.3310406626	28.5831033484275
81757.7703451209	29.1129564989521
83677.6383650752	29.6490492557808
85622.9351005256	30.2125982549068
87594.2962693595	30.7789412549569
89591.0861536895	31.3393507053413
91614.5761892903	31.8936192773693
93664.7663761621	32.431597738002
95741.6567143047	32.949761499501
97846.518639493	33.4295102164914
99979.3521517271	33.8915175212531
102139.521533119	34.3092058502246
104328.933937332	34.698282819909
106546.953646478	35.0586102111793
108794.216378444	35.3677076703099
111071.357851119	35.6526760189859
113379.013782388	35.9093291922183
115716.548454366	36.1367983840661
118085.233302826	36.3351329585031
120485.068327769	36.5078575032678
122916.689247082	36.6446450750148
125380.096060765	36.7557535075258
127876.560204593	36.8481826123035
130405.445960679	36.9078241656001
132968.024764796	36.9252496483957
135564.296616947	36.9220804812697
138195.532952904	36.8973688759227
140861.098054781	36.8347654841906
143561.627640465	36.7441628464482
146297.757427843	36.6223029404162
149070.758852691	36.4713182897683
151879.996197121	36.2865982993398
154726.10517902	36.0646776181612
157609.721516276	35.8157745888351
160532.116644664	35.5380429987366
163492.654846295	35.2328255479565
166491.971839058	34.8897656747652
169531.339058728	34.5222607616862
172611.392223191	34.1343981457603
175731.49561456	33.7091571287782
178892.920668611	33.2674877812738
182095.667385343	32.7917375461714
185341.642918418	32.2992825422926
188629.575832061	31.7858379767008
191961.373279936	31.2539707760401
195337.035262041	30.7022098938875
198757.833214152	30.1391249161164
202223.13141838	29.5628597573072
205734.83702839	28.9756950330554
209292.314326292	28.3793782280378
212897.470465749	27.7759628835698
216549.669728874	27.1631486384663
220250.183551441	26.5486362726599
223999.647651339	25.9338968325734
227798.697746454	25.3199472160697
231647.969554674	24.7035688920488
235548.098793885	24.0897772402617
239499.721181977	23.4804875828965
243504.108154723	22.8765193619205
247560.623994235	22.2805086135412
251671.175854177	21.6893059162223
255835.763734548	21.1060310731158
260055.023353236	20.53466282052
264330.226146015	19.9688726969779
268662.64354866	19.4162133904998
273051.639843284	18.8759246958874
277498.486465662	18.3438205481518
282004.454851568	17.8263281366982
286569.545001003	17.3213840474163
291195.664067628	16.8278430361112
295882.176333556	16.3477783896877
300630.988952449	15.8809334154813
305442.101924309	15.4272982406974
310317.422402795	14.9863496072123
315256.950387909	14.559785635729
320261.321597539	14.1466881563326
325332.443185345	13.7464055645671
330469.679433441	13.359658574452
335675.573213377	12.9860127830166
340950.124525152	12.6250535328801
346293.969086654	12.2766228593258
351709.014051545	11.940612161611
357195.259419825	11.6172583868108
362753.976627269	11.3061271319544
368385.801391764	11.0064680646383
374092.640866973	10.7182910576572
379874.495052895	10.4411814536301
385732.635385305	10.1756625106807
391668.333299979	9.92016445443819
397682.224514803	9.675259907
403776.216183439	9.44041573744779
409950.308305888	9.21479275822483
416205.772317925	8.99887473627558
422543.879655324	8.79186197522245
428965.901753859	8.5939815493455
435473.110049307	8.40436465270365
442065.504541667	8.2229421757334
448745.628102488	8.04926984266942
455513.480731771	7.88334765351171
462371.605301065	7.72477082367408
469319.366092482	7.57329253328691
476359.305977573	7.42842901540574
483492.696392112	7.29026912518361
490719.537336099	7.15825998611259
498042.371681083	7.03253981731964
505461.835144953	6.91236815919589
512979.199163483	6.79806094117447
520595.735172447	6.68910477792656
528313.350325509	6.58519361281381
536132.680340555	6.48635706422058
544054.996653359	6.39235818507203
552082.206417586	6.30282180916632
560215.581069008	6.21795526519395
568456.392043401	6.13744262372179
576805.91077654	6.06083960898451
585266.044422087	5.98820545775083
593838.064415817	5.91931309574069
602522.606475617	5.85426125090193
611322.213473037	5.79279323057015
620238.156843851	5.73441539500609
629272.343741723	5.67945354643767
638425.409884538	5.6276213738161
647699.26242596	5.57904722347361
657095.80851965	5.53310910933873
666616.319601384	5.49008346966544
676262.702824823	5.44978272135283
686036.86534363	5.41229571955396
695939.442875693	5.37703009658173
705973.614010447	5.34442025540667
716140.014465781	5.31412064821133
726440.551395357	5.28626949412267
736877.131952838	5.26034353501711
747451.663291884	5.23679691945474
758166.052566159	5.21531371800245
769022.206929325	5.19564711079061
780021.397817155	5.17812290004713
791166.168101201	5.16246464751803
802457.789217237	5.14845515171803
813898.804036813	5.1364498332594
825491.11971359	5.12597479799245
837236.007683344	5.11723737460767
849136.646535511	5.11022769031028
861194.307705867	5.10470879802543
873411.53406596	5.1007004433427
885789.597051566	5.09824211744122
898331.675252122	5.0969981452983
911039.040103402	5.09741280267927
923914.870194844	5.09919977853537
936960.436962223	5.10214187138131
950178.283277087	5.10649577388153
963570.316293099	5.11198504778202
977139.714599697	5.11879727618371
990889.021068429	5.12682385834396
1004818.87141718	5.1359858119045
1018933.71567117	5.1462930096601
1033234.18954828	5.15771583322641
1047724.10735584	5.17017530024516
1062405.3762475	5.18367141071634
1077280.53909482	5.19805607271817
1092352.13876935	5.21359585170985
1107622.71814264	5.22997481825826
1123095.45580412	5.24720284515819
1138772.25890745	5.2654378971262
1154656.30604208	5.28445289988222
1170750.14007955	5.30424785342627
1187056.30389142	5.3248425033479
1203578.611785	5.34608875772535
1220318.33519607	5.36825318201781
1237279.92414985	5.39088162766516
1254465.28579999	5.41431964248489
1271877.59873593	5.43828091542823
1289520.04154711	5.46286417444303
1307395.79282297	5.4878620908388
1325507.39543506	5.51344250212689
1343858.02797281	5.53949680756466
1362451.50474354	5.56604475274169
1381290.36861882	5.5928000266092
1400378.43390595	5.61996995785768
1419718.87919438	5.64756441928192
1439314.24735567	5.67543531896015
1459168.35269712	5.70347405614972
1479285.00952607	5.73187808674633
1499668.03214985	5.76021300777945
1520319.3277221	5.78890334942484
1541243.98198594	5.81768254622328
1562445.1735308	5.84644199743216
1583926.08094612	5.8754285229211
1605691.15425711	5.90449403076831
1627743.5720532	5.93339170110418
1650087.14864172	5.96239797218269
1672726.33404788	5.99118704177592
1695664.30686112	6.0203414047762
1718905.51710666	6.04918971113814
1742453.14337392	6.11963210192954
1766312.27140601	6.11963210192954
1790486.71551024	6.11963210192954
1814980.28999396	6.11963210192954
1839798.08060025	6.26131657988993
1864943.26591855	6.26131657988993
1890420.29597408	6.26131657988993
1916234.25650993	6.26131657988993
1942389.59755131	6.26131657988993
1968889.49768767	6.26131657988993
