B10K-DU-001-72_Pachyramphus_minor
0	4.47545596529237
1877.6333943283	4.47545596529237
3779.67144690945	4.47545596529237
5703.06357546184	4.47545596529237
7652.38565340788	19.8967277555258
9624.58709846596	13.3690479179741
11621.1932017769	9.7615436822837
13642.2039633407	8.15004220811402
15687.6193831573	7.60584741121514
17758.9647523675	7.66025411337986
19856.2400709714	8.10516753972452
21977.9200478282	8.84695398581908
24127.0552652194	9.83792772773713
26302.1204320043	11.0279753117703
28504.6408393236	12.3984926612743
30733.0911960365	13.9301346031449
32988.996793284	15.5951483527176
35273.8829222066	17.3618712026263
37586.2242916637	19.1972860278375
39927.5461927961	21.101622823804
42296.3233344629	23.0570186103413
44695.6062989458	25.0661566677346
47123.8697951039	27.126302605598
49582.6391140781	29.233699831532
52070.3889647276	31.3288561883553
54590.1699293339	33.3870343873428
57140.4567167562	35.395099132622
59721.2493269946	37.3648824124983
62335.5983423307	39.295873125965
64980.4531804829	41.2477167605056
67658.8644237327	43.2190588984524
70369.3067809393	45.2292958230101
73114.8308343844	47.1831838615776
75892.3860017864	49.0572634779467
78705.0228654269	50.7986612729728
81552.7414253058	52.3747945574778
84434.0163902823	53.7628171164618
87351.8983426382	54.9768608927602
90304.8619912325	56.0547984709707
93295.9579183469	56.9598561336601
96322.1355416997	57.766910178312
99386.4454435726	58.4808416195407
102487.362332825	59.134079816222
105627.936791738	59.8201818076351
108806.643529171	60.5777101647364
112023.482545124	61.5013719040702
115281.504421879	62.6056567391768
118579.183868295	63.8825659393011
121916.520884371	65.313214322245
125296.566052391	66.7374483875546
128717.794081211	68.1387340176628
132180.204970834	69.4098166663105
135685.324012399	70.5208224796554
139234.676497047	71.4655671355161
142826.737133638	72.2134356835906
146463.031213312	72.8157171099025
150145.08402721	73.2390365187135
153871.370284191	73.5249464218694
157643.415275397	73.6517505816352
161462.744291967	73.7193947998738
165329.357333902	73.6286488161317
169243.254401202	73.4693641873892
173204.435493867	73.1903797028743
177215.951194179	72.8579340530571
181274.750919855	72.4694461778537
185385.410544319	72.0405557680695
189546.404776429	71.5972778649463
193757.733616186	71.102148764692
198020.922354729	70.5975898508638
202337.496283202	70.090628762304
206707.455401602	69.5602336925864
211130.79970993	69.0286630905534
215607.529208186	68.4892470880673
220140.694478652	67.9613308582323
224728.770230187	67.4336190687999
229374.807045073	66.9022017970689
234077.279632168	66.3930174191299
238836.187991473	65.8726143740936
243656.10799641	65.3807818753326
248533.989064697	64.8886682710178
253471.356487476	64.4233108044046
258471.260847028	63.967587591768
263530.651561071	63.5437315268999
268654.104503028	63.1306596932736
273840.094381757	62.7467717271306
279090.146488401	62.3827655901488
284404.260822958	62.0384623969758
289783.96267657	61.7206342359506
295229.252049236	61.4225601288349
300743.179523238	61.1294692565347
306324.219807436	60.860553461852
311973.898192969	60.5968253423876
317692.214679839	60.3521357354231
323482.219850327	60.1219358419991
329343.913704432	59.8784984325012
335277.296242155	59.6493974062415
341282.367463496	59.4350927541263
347363.703241877	59.2081127970446
353518.252995016	58.9917381858521
359749.067305196	58.7720669731664
366056.146172416	58.5557434720746
372441.014887817	58.3282779690365
378905.198742539	58.0991513877265
385448.697736583	57.8566339600407
392073.03716109	57.6133243257944
398778.217016059	57.3606870981756
405565.762592632	57.0911068721842
412438.72447309	56.8042258771156
419394.05207515	56.5098828073489
426436.321272237	56.1932812887399
433565.53206435	55.8627778227481
440781.684451488	55.5085592700449
448086.303724793	55.1356344204959
455480.915175405	54.7362345387992
462968.569385606	54.3119951481761
470546.215773115	53.8686405799019
478218.430211353	53.3992198602853
485983.68740918	52.9015096999471
493846.563240019	52.383176613988
501804.007121587	51.8388540418374
509860.594927308	51.2740363193176
518016.326657181	50.6762014717641
526272.727602347	50.0608358596802
534631.323053946	49.4243873310695
543092.11301198	48.7665236702774
551656.622767588	48.0792717015992
560327.902903052	47.3800855244142
569104.428127232	46.6651829912728
577989.249022408	45.9283542249434
586983.890879723	45.1789779288991
596089.878990315	44.4169518829387
605307.213354187	43.6409216693943
614638.944553619	42.8543883301619
624083.54729747	42.0613384530939
633645.597459163	41.2582198861936
643326.620329839	40.4546668834376
653125.090618356	39.6454662145575
663045.584198138	38.8377221835464
673086.575778043	38.0273204273005
683252.641231494	37.2165097902492
693543.780558491	36.4121645809328
703959.993759034	35.6133648175393
714505.856706544	34.8190882980552
725181.369401023	34.0319671926651
735989.582424753	33.2541481255971
746928.970486591	32.4869855145192
758004.10945996	31.7300449235756
769214.999344861	30.9853963118434
780563.165432434	30.2532441197254
792053.183596102	29.5352749805437
803683.528544724	28.8305178023856
815457.250860581	28.1428313978517
827374.350543673	27.4689702755495
839440.928758565	26.8100588576936
851653.934922973	26.1678859978076
864017.944910321	25.5419150398345
876534.484011749	24.9345226034554
889205.077518398	24.342258756875
902031.25072141	23.7673978995733
915016.054203064	23.2088156093354
928161.013254503	22.6681218543325
941466.127875726	22.1434511158901
954937.499231297	21.6353144950149
968572.076738934	21.1439164321096
982375.9615632	20.6686947160668
996350.678995235	20.2095471266852
1010496.22903504	19.7662181134613
1024815.6622649	19.3386821213449
1039312.02926709	18.9259936134736
1053986.85533275	18.5275648236896
1068843.19104417	18.1444179540063
1083881.03640135	17.775121921605
1099104.9672777	17.4202900476938
1114514.98367323	17.0783890292523
1130115.66146136	16.7493677561801
1145908.52593324	16.4337117744334
1161896.62767113	16.1300922213949
1178079.96667505	15.8382279915108
1194463.11881841	15.5584513004355
1211049.1346835	15.2897143911052
1227838.01427032	15.0319405983689
1244834.33345229	14.784848816673
1262039.61752054	14.5479023899603
1279456.91705737	14.3208202126772
1297087.75735391	14.103244514119
1314936.71428358	13.8948686336816
1333005.31313754	13.6958203466168
1351296.60449804	13.5048730105084
1369812.11365625	13.3225888364638
1388556.41648558	13.1482778381239
1407531.03827716	12.9815055796331
1426739.02961329	12.822629831696
1446184.96636739	12.6707306125006
1465868.84853945	12.5256801467951
1485795.2520029	12.3876317648816
1505968.75263116	12.2559721455521
1526387.82513308	12.1304968484037
1547060.09596438	12.0111036532353
1567987.0904162	11.8975625645938
1589171.85907081	11.7894647016737
1610615.92721936	11.6870145048779
1632325.3960264	11.5897775383505
1654301.79078309	11.4975238066386
1676548.1620717	11.4100999794402
1699069.08576566	11.3272249512015
1721867.61244724	11.2489498320232
1744946.79269872	11.1753001769557
1768309.6771024	11.1057393299419
1791959.31624055	11.0402928460321
1815901.81127773	10.9786540646224
1840138.68750509	10.9208485407631
1864672.9955049	10.8666718340514
1889510.83644174	10.816021724286
1914653.73560673	10.7690259867186
1940106.26887331	10.7250201900405
1965873.01211489	10.6845154352584
1991955.49062262	10.6467961809629
2018359.80556106	10.6124757483621
2045089.00751248	10.5804552702914
2072147.67235033	10.5514502881604
2099540.37594801	10.5251796964153
2127268.64359666	10.5013623895024
2155338.57646086	10.4801516977238
2183754.75041401	10.461138740274
2212521.74132955	10.4447323979585
2241641.07449862	10.4303193495692
2271120.37637692	10.4171840536966
2300961.17225558	10.4049687396361
2331171.08859033	10.3937245174884
2361751.65067228	10.3846269195689
2392708.95966602	10.3731782570185
2424047.59144495	10.3638762186963
2455772.12188251	10.3532964278573
2487887.12685211	10.3402122420855
2520398.70751833	10.3221192664478
2553308.38917229	10.3200748624209
2586625.32356085	10.3192571008102
2620351.03597514	10.3195382063639
2654493.15287087	10.320688183629
2689054.72483032	10.3227070326055
2724041.85301806	10.3257736386458
2759460.63859864	10.3291724603404
2795315.65744549	10.3335679289982
2831611.48543204	10.3382956133103
2868354.22372284	10.3438155041828
2905548.44819131	10.3498209410117
2943201.78529317	10.3561330384446
2981318.81090184	10.3626495762802
3019905.62618187	10.3694216646192
3058966.80700669	10.3762704181091
3098508.45454086	10.3831191715991
3138536.66994895	10.3899934801394
3179059.07968666	10.3966377932267
3220080.25962741	10.4027198952066
3261606.31093577	10.4085975567838
3303643.33477629	10.4200717743845
3346197.43231355	10.4200717743845
3389276.23000325	10.4200717743845
3432885.82900994	10.4200717743845
3477030.80520706	10.4229594950725
3521720.31034144	10.4229594950725
3566960.44557765	10.4229594950725
3612757.31208026	10.4229594950725
3659118.53630496	10.4229594950725
3706050.21941632	10.4229594950725
