B10K-DU-012-58_Pandion_haliaetus
0	0.0721934882922616
67.9651762163513	0.0721934882922616
137.242832349198	0.0721934882922616
207.83296839854	0.0721934882922616
279.806529224728	0.0738772136981638
353.128042397587	0.075421942198217
427.868452777468	0.0775145979340847
504.063232794547	0.0798442290648468
581.676910018647	0.0824231948514617
660.780429310121	0.0853867306855736
741.444735529319	0.0884840689535375
823.598883815889	0.0918857316326321
907.34929146036	0.0954360636826733
992.731430892905	0.0992434325367006
1079.70982968335	0.103320376575396
1168.39090512222	0.107589336958255
1258.73918477935	0.112129663723022
1350.82561351507	0.116805584118881
1444.68566375957	0.121866074562237
1540.35480794303	0.127089563954463
1637.83304606543	0.132589076841422
1737.19132298715	0.138441813824172
1838.42963870816	0.14456806662552
1941.65441051901	0.150933981617622
2046.83016598951	0.157698079756248
2154.02784998002	0.16477205501745
2263.24746249053	0.172163251309913
2374.59542081158	0.179924867191674
2488.07172494316	0.188023765513787
2603.71184731545	0.196399403809531
2721.5867327888	0.205157462716083
2841.69638136321	0.214407742624275
2964.1472103292	0.223862398137588
3088.9037472566	0.23357821020854
3216.07240943595	0.243751135815222
3345.65319686723	0.254351082843996
3477.75252684097	0.265182810795668
3612.37039935718	0.27638280889995
3749.54228684602	0.287782704616253
3889.37460659804	0.299528480519661
4031.86735861321	0.311739609466104
4177.09148775191	0.324053732253867
4325.11793887447	0.336642982937742
4475.94671198091	0.349585457717409
4629.71969679191	0.362733920179713
4786.40142087731	0.376070100112803
4946.06282909746	0.389751622873826
5108.81033874287	0.403362572463581
5274.67942224374	0.417300236429971
5443.7410244604	0.431340356878507
5616.03061782304	0.445551178424045
5791.61914719201	0.459809287576729
5970.54208499748	0.474266756982259
6152.94132096015	0.48864559282894
6338.81685508002	0.503153394876924
6528.23963221745	0.517808254218338
6721.31606966297	0.532327878168109
6918.08163984673	0.546864697611386
7118.60728762911	0.561534423889895
7322.99943030062	0.57617155037863
7531.29354029144	0.590753866231811
7743.56056246193	0.605254503490834
7959.94238653277	0.619823922723885
8180.43901250398	0.634357518012129
8405.15685766608	0.648671333398986
8634.16686687943	0.663043720935602
8867.61092986471	0.677346072660121
9105.48904662194	0.691523219697541
9347.94310687182	0.705704307368891
9595.04405547469	0.719764847465966
9846.86283729091	0.733715049813038
10103.5413420412	0.747503148809861
10365.1150421557	0.761301815870402
10631.6903549249	0.774862074578256
10903.3736976395	0.788401734517846
11180.2714875898	0.802027909284143
11462.4901420665	0.81537017928785
11750.1006059298	0.828499655059407
12043.2447689005	0.84178048699777
12341.993575839	0.854820223787587
12646.4534440357	0.867616178632996
12956.7662632114	0.880498290065664
13273.0029782265	0.893180503886312
13595.3054788015	0.905782472070594
13923.7801822271	0.918048411652591
14258.5689782239	0.930535384974044
14599.7782840825	0.942943724736648
14947.4790446632	0.954977346036575
15301.8840945471	0.966977651067833
15663.0643785946	0.978613805700134
16031.1972589564	0.990508071854765
16406.353680493	1.00204517327968
16788.6755329251	1.01346799632065
17178.3756508337	1.02477457066073
17575.4895066489	1.0359543282362
17980.2654073821	1.04681435710427
18392.7742978936	1.05765092128849
18813.1935403342	1.06827701979697
19241.6650244246	1.0785434458996
19678.3306398856	1.08899382795881
20123.3677488681	1.0989014772542
20576.9537135228	1.10885730975535
21039.2304235706	1.11843466227963
21510.339768732	1.12802562790293
21990.4945835882	1.13720658847792
22479.8367578599	1.14626950915478
22978.5791261282	1.15545405212425
23486.8635781136	1.16410463919638
24004.8674759671	1.17267784654773
24532.8391267	1.1808926353313
25070.8849476027	1.18920325316722
25619.2887181167	1.19714649644914
26178.1568555325	1.20485115225866
26747.7731392914	1.21227154506614
27328.2794591143	1.21971343224051
27919.8886495821	1.22682806767906
28522.8844901362	1.2338069303668
29137.4088704974	1.24073438569375
29763.7100976769	1.24732008058724
30402.0010062558	1.25362151247869
31052.5299032451	1.25972000172281
31715.5450956563	1.26578123406434
32391.2239456402	1.27143765582955
33079.8857050683	1.27693842255457
33781.7432085217	1.28231273075443
34497.0092905814	1.28742910655169
35226.0386755493	1.29221106582418
35969.0087255762	1.29686692481094
36726.2032201035	1.3011262127287
37497.9059385725	1.30527408817812
38284.436132855	1.30909614484951
39086.0066375318	1.3126282066877
39902.9367044747	1.31594013038506
40735.510113125	1.319079024429
41584.0815877845	1.32181776500945
42448.8639630342	1.32435105526644
43330.2474356061	1.32651947864557
44228.5157849415	1.32834524599263
45143.988262912	1.32994657632548
46076.9841213893	1.33121581868997
47027.8935571053	1.33217428833326
47997.0003495012	1.33279296786007
48984.6946953092	1.33319204660521
49991.2958464008	1.33315676001958
51017.1939995078	1.33290366384952
52062.7793513623	1.3322378758353
53128.3711538358	1.3314791246843
54214.3596036602	1.33011262030965
55321.2058424278	1.32851576796991
56449.2291220103	1.32661047146538
57598.8905839998	1.32449560488373
58770.5449526982	1.32190141392057
59964.6888421279	1.31901973580034
61181.6769765906	1.31589588781322
62422.0059701088	1.31253793034679
63686.1369642748	1.30878573036777
64974.4246833904	1.30479906266998
66287.4366863383	1.30053475939995
67625.5986422807	1.29597168443023
68989.4071652401	1.29114458698729
70379.3588692388	1.28608517126228
71795.9503682993	1.2808434116582
73239.642804014	1.27534568996848
74711.0392076957	1.26962496422234
76210.636193367	1.26363914128464
77738.9303750504	1.25749228971502
79296.5247840587	1.25118763366854
80883.9869792749	1.24463740448041
82501.8490471515	1.23800316814171
84150.7140190015	1.23116598915567
85831.184926138	1.22422886136363
87543.8293274436	1.21708717884675
89289.3211990918	1.20993224147028
91068.2280999654	1.20254677700899
92881.2594786679	1.19508930641864
94729.0183665122	1.18757487575604
96612.1787396718	1.17996031716771
98531.4145743198	1.17229273914106
100487.43531906	1.16457088783804
102480.950422496	1.15681607850579
104512.6338608	1.14896096212808
106583.266027437	1.14108148546791
108693.591843441	1.13326201391529
110844.320757415	1.12538504493125
113036.304107683	1.11748479038309
115270.251342848	1.10965260133006
117547.013801236	1.10178243889553
119867.442821169	1.09396189262456
122232.283323682	1.0862479225894
124642.45759196	1.07847573864392
127098.816964326	1.07080726501865
129602.248251536	1.06318607900053
132153.673736772	1.05565373636553
134753.944758361	1.04820934151503
137404.054544346	1.04082351881429
140104.960850342	1.03355949752589
142857.621431965	1.02634007704878
145662.994044828	1.01928634231639
148522.178334268	1.01232019712906
151436.096583469	1.00545722490276
154405.883910196	0.998738444054318
157432.569014924	0.992174960006608
160517.25154299	0.985670943707276
163661.031139728	0.979350346005354
166865.078395335	0.973142772849296
170130.492955145	0.967100168959071
173458.480881785	0.961178650002293
176850.24823788	0.95544753531216
180307.036558487	0.94984180442885
183830.016433802	0.944379727564214
187420.535816171	0.939069365105832
191079.836240651	0.933926121349973
194809.265659587	0.928937637035678
198610.172025327	0.924086716669439
202483.867817788	0.919444829021146
206431.842879036	0.91490056162245
210455.445161418	0.910508545989182
214556.129034572	0.906323413637171
218735.419812995	0.902253992626884
222994.771866324	0.898347570565467
227335.745981487	0.894613282558845
231759.902945411	0.891026768324549
236268.839017455	0.887590893778165
240864.185929407	0.884293837017905
245547.575413055	0.881183064770639
250320.710145046	0.878219349816803
255185.292802031	0.875391765853231
260143.097005516	0.872736674183903
265195.931849442	0.870229535406625
270345.570955317	0.867892202127729
275593.85888951	0.865719838114667
280942.746635681	0.86370760713489
286394.114232629	0.861839567532959
291949.948136444	0.860180560648973
297612.234803216	0.858682582396892
303383.031633895	0.85734670749506
309264.396029431	0.856237060804681
315258.491808065	0.855287547147587
321367.411843178	0.854581457195452
327593.390897869	0.854067562707204
333938.699207671	0.853806764389013
340405.571535685	0.853764313014417
346996.349062302	0.853992153303386
353713.443912774	0.854472015044068
360559.232739923	0.855262649505946
367536.234086292	0.856347219434961
374646.895549561	0.857778565149702
381893.806617135	0.859580330453741
389279.592248847	0.861745350558118
396806.912876958	0.864340795359344
404478.464406164	0.867406787675602
412297.013686017	0.870925594654213
420265.398510932	0.874996448622292
428386.456675322	0.87964209778479
436663.132390892	0.88492666700291
445098.405341777	0.901613102254297
453695.326156972	0.901613102254297
462456.980937903	0.901613102254297
471386.491258424	0.901613102254297
480487.156054542	0.953510355496752
489762.167844973	0.953510355496752
499214.931983013	0.953510355496752
508848.81834953	0.953510355496752
518667.303242681	0.953510355496752
528673.933905482	0.953510355496752
