B10K-DU-030-18_Panurus_biarmicus
0	0.30054881146682
283.533469179142	0.30054881146682
571.250530794193	0.30054881146682
863.341348137696	0.30054881146682
1159.61575791711	0.516281473787786
1460.45408671751	0.608389007040309
1765.66617124637	0.74862943866223
2075.44217479621	0.901020697845963
2389.97226065959	1.03909989753852
2709.06626554397	1.16618211012437
3032.91435274187	1.29589596651743
3361.70668554586	1.43726361150703
3695.25310066337	1.58963268145124
4033.9339246795	1.75484488323032
4377.55899430171	1.93043721125743
4726.31847282253	2.11534014418763
5080.40252353451	2.31386283233595
5439.62098314511	2.52508664118621
5804.16401494686	2.74815506609288
6174.22178223231	2.98282402542125
6549.79428500147	3.22860979374973
6930.88152325432	3.48070174395014
7317.67366028341	3.73846082592427
7710.36085938128	3.99299803031992
8108.75295725539	4.25155592491681
8513.23028049083	4.50624401614121
8923.60266579505	4.75966732071289
9340.06027646059	5.01148856219115
9762.98343907253	5.2573453360861
10191.9918270458	5.50621097086013
10627.4657669655	5.75705144795154
11069.4052588316	6.00462123113754
11517.810302644	6.25821317392958
11973.061224988	6.51338499057554
12435.1580258635	6.76975946400354
12903.9105419779	7.02760730293576
13379.8892632089	7.28861932742369
13862.9040262639	7.54948046508289
14352.9548311429	7.81098509068819
14850.4220044311	8.07133143799049
15355.4957094209	8.33556534005691
15867.7956195273	8.58777267430283
16387.8922246278	8.83846670241341
16915.7855247226	9.07960160613825
17451.4755198116	9.31443032799116
17995.1523731873	9.5357813057589
18546.8160848497	9.74246963405102
19106.8469813839	9.93568021825796
19675.24506279	10.1213908395067
20252.0103290679	10.2951414606536
20837.5231068027	10.4558181818745
21431.5932327019	10.6080541163816
22034.6010333505	10.7508640619401
22646.736672041	10.8870926790566
23267.8099854811	11.0110107060867
23898.2013002556	11.126856287779
24538.1007796572	11.2322329862652
25187.3182603934	11.3301940409034
25846.4242323417	11.4144022048864
26515.2285322096	11.4849462351722
27193.9213232896	11.5423453599657
27882.8829321669	11.585383608941
28582.1133588414	11.6179485368623
29291.8027666057	11.6339869191883
30011.9511554598	11.6396007967871
30742.9388519887	11.6327310082314
31484.7658561925	11.6153346444467
32237.6223313637	11.5933850487124
33001.6984407948	11.5619872747898
33777.1843477784	11.5224682392026
34564.270215607	11.4817554225291
35363.1462075732	11.4367423312364
36173.8123236769	11.3898254031927
36996.6488905033	11.341013514094
37831.6559080523	11.2916602075509
38679.2137029091	11.245173750754
39539.3222750736	11.1995349229068
40412.3619511309	11.1547170969218
41298.332731081	11.1110486735441
42197.4247782165	11.0744586175736
43110.0184191224	11.037411463269
44036.3038170913	11.0046645835836
44976.2809721231	10.9743141417665
45930.330210803	10.9468305496956
46898.6416964236	10.920949020718
47881.2154289847	10.9002464602448
48878.621898364	10.8821178515559
49890.8611045616	10.8645927901821
50918.1232108699	10.8488118030346
51960.7885438741	10.8367142296476
53018.8571035741	10.8252157657278
54092.8993798476	10.8154125597073
55182.7252094021	10.8062129010018
56288.9050821151	10.7985931161502
57411.6291612791	10.7907026225765
58551.0876101869	10.7836286930171
59707.4705921308	10.7755207448961
60881.1584336959	10.7674261103187
62072.3412981749	10.7572723143138
63281.2093488602	10.7486983921628
64508.142912337	10.73752389114
65753.3321518977	10.7235091674584
67017.1573941274	10.7095565736474
68299.8088023188	10.6931986662724
69601.4765397643	10.6749768627776
70922.7310963415	10.6543674971103
72263.5724720505	10.6314593262286
73624.3809934764	10.6071709846487
75005.5369872042	10.5812362014963
76407.2306165264	10.5514715556025
77829.8422080282	10.5225057223316
79273.5619250021	10.4889200893923
80738.9602573257	10.4536347607057
82226.2273682915	10.4180609719053
83735.5534211921	10.3785951904928
85267.5089059052	10.3399415352469
86822.0938224307	10.2971473679063
88400.0688239387	10.2537008369238
90001.4339104294	10.2075383430239
91626.7595717802	10.1605770365012
93276.2359712838	10.1114367466575
94950.4335988178	10.0609828538342
96649.3524543822	10.0094461261223
98373.7531911471	9.9544523148929
100124.016135698	9.89868188028031
101900.141288034	9.84222357924255
103702.889301326	9.78324458059519
105532.450338866	9.72287209770589
107389.20472724	9.66186500256629
109273.722956324	9.59809756603025
111186.385352705	9.53355350611097
113127.382079675	9.46790885991144
115097.473790403	9.39951718585918
117096.850648183	9.33126308509195
119126.083142891	9.26072793050194
121185.551601114	9.18910106532749
123275.826512728	9.11567687175183
125397.28820432	9.04100120506716
127550.12683918	8.96565098550105
129735.293233773	8.88861438373133
131952.97755139	8.80991802684543
134203.560118617	8.73097315047688
136487.991751916	8.65049721658138
138806.272451287	8.56853460363795
141159.162869901	8.48646104449691
143547.043334343	8.40260347049838
145970.674497782	8.31805803007468
148430.436686805	8.23287353955277
150926.710227995	8.14680147945002
153460.255774523	8.06043208353768
156031.643816267	7.97281565236425
158641.444843105	7.88529685384471
161290.03918162	7.79717450801019
163977.997321692	7.70901665939245
166706.270079783	7.62046384231122
169475.047619185	7.53206191205874
172285.090593068	7.44341590017152
175137.159654603	7.35544000331785
178031.635130375	7.26743747937675
180969.467836846	7.18009175692548
183950.84793731	7.09329632761433
186976.726248227	7.00699349942056
190047.86342277	6.92162261928667
193164.639787523	6.83715706012525
196328.006158948	6.7535968219363
199538.342863631	6.67113717002759
202796.790881327	6.5896272175704
206103.540375328	6.50957287922579
209459.73232539	6.43089871157941
212865.937221391	6.35351595767316
216323.105879792	6.27753556370465
219831.61862718	6.2035033849661
223392.426280017	6.13091350679643
227006.289491473	6.06015645981121
230674.15907801	5.99105473009427
234396.605529507	5.92358612840609
238174.769825718	5.85828319649519
242009.032293229	5.79463114400466
245900.533911795	5.73291399320038
249850.035334586	5.67311399269073
253858.297214773	5.61523114247571
257926.46053211	5.55931425888228
262055.285939767	5.50542990962898
266245.724254208	5.45350265130146
270498.536128603	5.40343928909371
274814.672379414	5.35544840185725
279195.273986396	5.30928590795734
283641.10160272	5.265089380679
288153.296208141	5.2229209498929
292732.618455829	5.1825276582685
297380.399488832	5.14407370617825
302097.39996032	5.10746589881617
306884.760850049	5.07271754972596
311743.43297448	5.03966002068727
316674.55731337	5.0085063283995
321679.08468318	4.97899463983629
326758.346226959	4.95132909600125
331913.29276117	4.92519904754108
337145.065265567	4.90064443508692
342454.994883199	4.87786052394654
347843.842267236	4.85659879463732
353313.31888731	4.83678824159279
358864.185396592	4.81851762177103
364497.772938129	4.80175587023671
370215.41265497	4.78636985155271
376018.245526869	4.77239506850225
381907.602696874	4.75974720197517
387884.625144741	4.74832861931756
393951.024340102	4.73829464520607
400107.560936128	4.72932575459159
406356.136565744	4.72175922391486
412697.702045413	4.71523114964773
419133.968844767	4.70983028874826
425666.077943562	4.705578830456
432295.550648139	4.7023303257901
439023.908264836	4.70012915322959
445852.672099996	4.69893093429545
452783.173296665	4.69865134987748
459816.933161185	4.69929039997569
466955.663163187	4.70091021446074
474200.694445719	4.70344422561406
481553.738478415	4.70679036293386
489016.506730908	4.71100188059498
496590.520509537	4.71598558379145
504277.491283935	4.72183466732924
512078.940360444	4.72840268222751
519996.769371988	4.73588045594616
528032.499624908	4.74410378811272
536188.222915421	4.75301942455234
544465.460549868	4.76283594411652
552866.114161174	4.7732826380831
561392.085382265	4.78464796656586
570045.085682774	4.79673222640911
578827.016695626	4.80966855304998
587739.970217038	4.82335487598665
596785.657716645	4.83793320635209
605966.361153956	4.85328372225286
615283.791998604	4.86957062406142
624740.2322101	4.88675840899455
634337.773584662	4.90496246109774
644078.317755214	4.92399639075903
653963.956517976	4.94431729631255
663996.971832457	4.96557014992596
674179.645658168	4.98802122247352
684514.25995462	5.01166607610731
695002.716354738	5.03669110043933
705647.677144617	5.06312736040489
716451.234120476	5.09103698587467
727416.04956841	5.12055311228577
738544.215284637	5.1517600587484
749838.20339196	5.18473770652481
761300.676176474	5.21991652686173
772933.915597691	5.25709681660346
784740.774104998	5.29662472788654
796723.533657905	5.33877540728102
808884.856542509	5.45666239900928
821227.595208198	5.45666239900928
833754.411941066	5.45666239900928
846467.778863917	5.45666239900928
859370.928752725	5.76459578938875
872466.333730292	5.76459578938875
885756.846246006	5.76459578938875
899245.699075842	5.76459578938875
912935.554505893	5.76459578938875
926829.455148841	5.76459578938875
