NCBI-019_Patagioenas_fasciata
0	111292.625141658
1039.74283589377	111292.625141658
2093.26724104092	111292.625141658
3160.57321544145	111292.625141658
4243.19204456796	189.283661827532
5340.35808568414	34.2642352282428
6452.07133879	42.5796511545218
7579.09744662183	43.0758577593569
8721.43640917964	38.6298270649211
9879.08822646343	36.7471936274389
11052.8185412095	33.7142052438749
12241.8617106815	33.588036551354
13447.7490203521	46.158574833496
14669.714827485	77.4358215881674
15907.7591320802	111.165490816936
17163.4132196102	116.470822481501
18435.9114473388	95.5564755256054
19725.253815266	69.6021675980175
21032.9716088644	49.6699884172939
22357.5335426613	36.6466298090596
23700.4709021294	28.8367424390725
25061.7836872687	24.386407965179
26441.4718980791	21.812869818977
27839.5355345607	20.0728535266797
29256.7402394498	18.444439288739
30693.8516554826	16.7190070588143
32149.3384971867	15.0256440843218
33625.4976927707	13.5884343964956
35121.5635994986	12.5141971045055
36637.5362173702	11.7718909812108
38174.1811891219	11.2534597986502
39732.26415749	10.8765915966705
41311.0194797381	10.5765815776365
42911.2127986026	10.319731322637
44532.8441140835	10.066540151387
46176.679068917	9.8102997436791
47843.4833058395	9.56901801882293
49531.7255393783	9.36928431873076
51243.7026977425	9.26232581589418
52978.6491381955	9.27850419332902
54737.3305034739	9.42482398278413
56519.7467935775	9.69987382338475
58326.6636512427	10.111886653567
60158.0810764694	10.6537708205405
62013.9990692577	11.3284884397212
63895.1832723438	12.1370501151925
65802.3993284642	13.0659346612898
67734.8815948823	14.0853205454556
69693.3957143347	15.1806237053172
71679.4729722938	16.3051908230698
73691.582083287	17.4192859916159
75731.254332787	18.4968077468763
77799.2553635301	19.5168296146461
79894.8195327799	20.461509205595
82018.7124832728	21.3445419474707
84171.699857745	22.1479112088595
86353.7816561966	22.8798063676766
88564.9578786275	23.5222979135502
90806.7598105104	24.0708904007309
93079.1874518453	24.5301576839054
95382.2408026321	24.9061895238852
97715.9198628708	25.1842450404228
100082.52156077	25.377017769287
102480.514610858	25.5094330404944
104910.664655871	25.574477610192
107374.50298128	25.5795741911287
109871.263944351	25.5392807093645
112402.478830554	25.4507221705249
114968.147639892	25.328613318545
117568.270372362	25.1753064215493
120203.612670703	24.995497303683
122874.940177649	24.7885064208212
125582.252893202	24.5766541838352
128326.316460097	24.3484319031227
131107.89652107	24.1114278214117
133926.993076123	23.8662953465145
136784.37176799	23.6206401453674
139680.798239408	23.3748019900328
142617.038133114	23.1234926332824
145592.325806371	22.8684719201577
148608.192544652	22.6081106871796
151664.638347957	22.3369464450367
154763.194501758	22.0608685761446
157903.861006056	21.7739092891501
161086.63786085	21.47516252522
164313.056351613	21.1669195677499
167583.116478345	20.8462183013234
170897.583883783	20.5162473560652
174256.458567926	20.1811014209327
177662.037458983	19.8368861853643
181112.789271481	19.4869383852552
184611.010933631	19.1361280868337
188156.70244543	18.7789492402674
191750.629449617	18.4242794797007
195392.79194619	18.0749850874039
199084.721220623	17.7254293319822
202827.182915652	17.3835925008509
206620.177031276	17.0485162625518
210464.469210232	16.7213941753556
214360.825095257	16.4019648761373
218310.010329086	16.0942359328129
222313.556197193	15.7958028046327
226370.69705684	15.5060207958887
230482.964193501	15.2280872488094
234651.888892648	14.959902546291
238876.705511544	14.7035227449164
243158.945335664	14.4553933061864
247499.374007742	14.2191036170169
251898.757170514	13.9896877780338
256357.860466719	13.7710662361114
260877.449539091	13.5601549063752
265458.290030366	13.3567969709503
270101.147583282	13.1627609869822
274807.553483311	12.9741700681174
279577.507730452	12.792879892543
284411.775967443	12.6182457645509
289312.655122492	12.4472445839957
294279.379552862	12.2849467955015
299314.246186763	12.1254717287569
304416.489381458	11.9707534708865
309588.406065157	11.8218548985985
314830.761880594	11.6752737460184
320144.322470508	11.5333274328542
325529.853477634	11.394700431377
330988.120544708	11.2592969084409
336521.420599939	11.126907773546
342128.988000592	10.9970887093799
347813.119674874	10.8694650954633
353573.815622786	10.7453088990046
359413.372772537	10.6227818660247
365331.791124127	10.5025199801278
371331.367605764	10.3840876361056
377411.336574713	10.2676416518331
383574.760601919	10.1522324079562
389820.874044644	10.0390970232665
396152.739473835	9.92679800057662
402569.591246756	9.8167902612822
409074.49193435	9.70766244450848
415667.441536619	9.60005924596366
422349.205696299	9.49363218148116
429122.846984334	9.38843352368595
435987.599757989	9.28489016568214
442945.760945473	9.18213960915736
449998.096189521	9.08096594348649
457146.902418343	8.98048924614884
464392.179631939	8.88132807654014
471735.45911578	8.78334304099374
479179.037798077	8.68677807842628
486723.681321566	8.59140667412946
494370.920971718	8.49683678341584
502121.522391271	8.40375666251447
509977.016865697	8.31189623619624
517939.701323204	8.22142974654444
526010.34140653	8.13196514887164
534191.234043882	8.04346759476119
542482.379235262	7.9568344309421
550886.073908878	7.87136868908115
559403.849350202	7.78686999078254
568038.002487444	7.70393947123367
576788.533320603	7.62248129728872
585657.738777888	7.54243448421855
594647.915787508	7.46377289571065
603759.8299922	7.38627001705672
612995.778320173	7.31060539238166
622357.292056898	7.23630856806053
631845.136845113	7.1632924230517
641462.375255762	7.09180089627179
651209.772931582	7.02216504767907
661089.626800782	6.95347010633619
671103.468148834	6.88665697949301
681253.593903947	6.82126392562876
691541.535351594	6.7575261715559
701968.823777248	6.69515621783699
712537.756109116	6.63455482126361
723250.629275409	6.57532122504418
734108.208918863	6.51762095915784
745113.557610421	6.46140175097958
756268.206635559	6.40658519157192
767574.452922483	6.35346749247648
779033.827756667	6.30192668423496
790649.393709056	6.25161428268073
802421.916422387	6.20277422673042
814354.458467604	6.15547621321736
826449.316772916	6.10959827268324
838708.022623796	6.06504457198223
851133.638591189	6.02177155059351
863727.695960568	5.98003185953787
876492.491660142	5.93965125673201
889431.088260855	5.9005861816551
902544.251405445	5.86259269539051
915836.574950328	5.8259060247507
929308.824538242	5.790648139194
942964.062740131	5.75652282717877
956804.586484204	5.72369561868417
970833.458341407	5.6920619684602
985052.209597212	5.66144763442357
999463.902822565	5.63199201024091
1014071.60058841	5.60376479274555
1028877.59982296	5.57655689143752
1043884.96309715	5.55042057894182
1059095.22169646	5.52540812788343
1074512.20383457	5.50151953826236
1090138.97208243	5.47856314378696
1105977.82336825	5.45664348970723
1122031.05462022	5.43581284864816
1138302.49405204	5.41580985748478
1154795.20423466	5.39695686407121
1171511.48209627	5.37900992949083
1188455.15585056	5.36184708428532
1205627.75678301	5.34600847891292
1223034.64439276	5.33073616031126
1240677.34996529	5.31645702158444
1258559.70171429	5.30319719904496
1276684.76221069	5.29079116271366
1295055.59402544	5.27919535206973
1313676.02537223	5.26852302446732
1332549.118822	5.25866092255228
1351678.70258842	5.24969616736625
1371067.83924245	5.24138481999262
1390720.35699777	5.23402309197299
1410639.31842532	5.22734090807826
1430828.55173878	5.22151251039172
1451292.65079458	5.21647691418421
1472033.91252091	5.21192048370579
1493056.9307742	5.20826139995639
1514365.53376814	5.20532542085271
1535962.78407365	5.20313868270724
1557854.04118991	5.20143982239502
1580041.60204511	5.20043793041601
1602531.59178115	5.20010687045774
1625325.5416835	5.20029853674937
1648429.57689406	5.20116974716589
1671847.52562649	5.20264209276982
1695583.21609449	5.20471557356114
1719641.24215447	5.20721594745657
1744025.43202011	5.21021291128941
1768741.14519058	5.213671616643
1793791.4442368	5.21769660876734
1819182.45430068	5.22207879716246
1844918.76923863	5.22704469653664
1871003.45162159	5.2323939284941
1897442.62659146	5.23794353884735
1924240.88800465	5.2441204207005
1951402.82971759	5.25056737778277
1978933.81122942	5.25739766744832
2006838.42639657	5.26442833550966
2035121.26907545	5.27179006352929
2063788.46440795	5.27951769992385
2092845.37189322	5.28740215419339
2122295.81974495	5.29566122894203
2152146.69874777	5.30405969735731
2182402.60275809	5.31249301418926
2213068.89127507	5.32135322412531
2244151.68944059	5.33021343406135
2275657.12239655	5.33914334083071
2307589.78399936	5.36141147907705
2339955.79939092	5.36141147907705
2372761.29371312	5.36141147907705
2406012.39210784	5.36141147907705
2439714.45407424	5.40510268146571
2473874.37039695	5.40510268146571
2508497.50057511	5.40510268146571
2543590.73539337	5.40510268146571
2579160.96563634	5.40510268146571
2615213.55080318	5.40510268146571
