OUT-0018_Pheucticus_melanocephalus
0	1809.85507809468
1186.53886081457	1809.85507809468
2387.67005196967	1809.85507809468
3605.21761475787	1809.85507809468
4838.26952853288	353.459753829609
6086.82579329472	187.202559848229
7352.71045033593	110.041618790877
8634.09945836396	72.7693643239169
9932.81685867137	53.3836162116853
11247.9506306119	42.5467238012778
12580.4127948318	36.3254782614233
13930.2033513311	32.4677698142341
15298.234320756	29.7958758171244
16682.681661814	27.5477598498021
18086.281436444	25.3241971352609
19507.2096033534	23.0717227051041
20947.2902038347	20.8792248910049
22406.523237888	18.876450443161
23883.9966848669	17.121604809466
25380.6225654178	15.6838330058846
26896.4008795407	14.5372273569221
28433.155668528	13.6240338889227
29989.0628910873	12.8855262221797
31565.0345678649	12.2956924948361
33161.9827195069	11.8213493504105
34778.9953253672	11.4539535071717
36417.8964267383	11.1753939024247
38077.7740029739	10.9835520801304
39758.628054074	10.8622444253016
41462.2826213312	10.8038479690764
43187.8256840992	10.8108284553692
44935.257242378	10.8876138045894
46706.4013374601	11.0253829047056
48499.4339280531	11.2153146436859
50317.0910760957	11.4492130276744
52157.5487402954	11.7124572371224
54021.7189412985	12.0105691492466
55910.5136997511	12.3375406838051
57823.9330156535	12.6944137044235
59761.9768890055	13.0769860278112
61725.5573404534	13.487410838795
63714.6743699973	13.9208782003023
65729.3279776371	14.3712932101223
67770.4301840191	14.8328561607382
69837.9809891434	15.3059664332066
71932.8924136561	15.7788856973436
74054.252436911	16.2609039038124
76203.8851002008	16.7579249464925
78380.878382879	17.262100119403
80587.0563262383	17.7784824611289
82821.5069096324	18.3080791065085
85084.2301330612	18.8449167040873
87377.0500378174	19.3926591409493
89699.966623901	19.9601275291261
92052.9798913119	20.5405150262627
94436.0898400501	21.1543463457869
96850.208490762	21.8009095475545
99296.2478640938	22.4914393943301
101774.207960046	23.2182955528581
104284.088778617	23.9875381965617
106826.802340455	24.7950693285129
109402.348645559	25.6402638305361
112010.727693929	26.5006174483145
114653.763526858	27.3655899948338
117331.456144346	28.2328372769362
120043.805546392	29.0876169243166
122790.811732998	29.9242855090022
125574.298745454	30.7136534850772
128393.354563116	31.4660526668306
131249.803227275	32.1624169499107
134142.732717286	32.8018607502354
137073.96707444	33.3694333247748
140042.594278093	33.8706391863518
143050.438369535	34.3118684318712
146097.499348767	34.6800630372231
149183.77721579	34.9752577311952
152310.183991249	35.2021929932846
155476.719675145	35.3599311462283
158685.208308769	35.4564771755509
161935.649892123	35.4849200525348
165228.044425206	35.4571543869077
168563.303928664	35.3716521120183
171941.428402497	35.2353242565845
175364.241887998	35.0498725311951
178830.832364521	34.8214612956357
182343.023873358	34.5572099513495
185900.816414509	34.2605566483014
189505.122008621	33.9344012402498
193155.940655693	33.5835189354796
196854.184376372	33.2149075846773
200600.765191303	32.8230974038076
204395.683100488	32.4192189692726
208239.850124572	32.0063110499808
212135.090304848	31.5783308369026
216079.579600024	31.1491698450485
220076.966092683	30.7091908358801
224125.425741535	30.2685867085362
228225.870567224	29.8231900085137
232381.036631691	29.3769771819843
236589.099893642	28.9276734933651
240852.796415017	28.4775710426328
245171.214175168	28.0306462759591
249546.177215389	27.5820197986966
253977.68553568	27.1373176744246
258467.563177332	26.6914347713768
263014.898119701	26.2507090932765
267622.426424724	25.8160956817808
272289.236071756	25.383253438449
277016.239081442	24.9552384965833
281806.171515722	24.5326065167842
286657.209333303	24.1158437020769
291571.176575477	23.7028489608163
296549.897283538	23.2966610619108
301593.371457484	22.8984260553487
306701.599097317	22.50463633359
311877.316264975	22.1183653943307
317119.610939811	21.7399084322648
322430.307163119	21.3684145920979
327809.404934897	21.0059676010815
333259.640317086	20.6474796918431
338780.101289039	20.2998271643129
344372.611892048	19.9581653526309
350037.172126114	19.6256024832807
355776.518053175	19.3005410320362
361589.737652585	18.9828768125348
367478.654965636	18.6741378914276
373444.182012975	18.372900388426
379488.142835894	18.078730193686
385609.625413748	17.7927386284083
391811.365808474	17.5154639887998
398093.364020073	17.2451871998777
404456.532069192	16.9833321419308
410903.606017769	16.7286659430017
417433.673845157	16.4809975947592
424049.471613296	16.2425844683923
430750.999322186	16.010509345749
437539.168992472	15.7848069556168
444415.804665448	15.5669706358592
451382.730382406	15.355993251638
458439.0341227	15.1514580575029
465588.363968915	14.9536602481478
472829.807900404	14.7621136205475
480165.189958461	14.5764535224329
487596.334184377	14.3966973181977
495124.152598799	14.2232096601109
502750.46924302	14.0544103883402
510475.28411704	13.8912024513612
518300.421262151	13.7328391802421
526227.704719645	13.5797199560394
534258.046510169	13.4311675673964
542393.270675016	13.2867826332566
550633.377214186	13.1464956960448
558981.102189617	13.0106019504551
567438.269642602	12.8784762783119
576003.967552495	12.7498408493152
584681.84400188	12.6247477566461
593472.811011405	12.5029018056107
602377.780601715	12.3838862507587
611398.576814103	12.2681525663279
620536.111669215	12.1550235409615
629793.121228991	12.0445512678409
639170.517514076	11.9368572977224
648670.124565763	11.8313859700056
658292.854404698	11.7281720134779
668040.531072174	11.6267639539017
677914.978609483	11.5276306299083
687918.933078564	11.4306504907417
698051.482458772	11.3355804348889
708317.186853336	11.2420731744748
718715.134241612	11.1502849890433
729248.972706184	11.0603547937444
739920.526288345	10.9721957666093
750729.794988095	10.8854953485504
761680.426888018	10.8003056327488
772772.421988116	10.7167134411734
784009.428370972	10.6348924177619
795392.358057234	10.5544431814576
806923.94710884	10.4754525542294
818605.107546436	10.3980247224399
830437.663411316	10.3221075929078
842425.262786064	10.247562250483
854567.905670679	10.1745623391031
866868.328127102	10.1032467739182
879329.266217271	10.0333724534157
891951.631961832	9.96488728441414
904739.07344337	9.89805173282011
917692.502682531	9.83283106984606
930813.743720609	9.76901692276681
944106.444640188	9.70664402036989
957571.517461915	9.64616383689315
971211.698247728	9.58709016931122
985029.723059566	9.52964875474301
999027.415938722	9.47397850833864
1013206.60092649	9.41957586267896
1027570.92610545	9.36701384275818
1042122.2155169	9.31603198266983
1056862.29320213	9.26664764680769
1071793.89522308	9.21891292835303
1086919.75764169	9.17272364094329
1102242.6165199	9.1282013353348
1117764.29589899	9.0853286471338
1133488.44386156	9.04405348315901
1149416.8844489	9.00421956386654
1165552.35372294	8.96633045667554
1181897.58774563	8.9297784078043
1198456.23459955	8.89496279830936
1215229.20630535	8.86150161152794
1232221.06296625	8.82982895730412
1249433.62862356	8.79945863261253
1266869.6393392	8.770842111691
1284532.74319577	8.74384047938944
1302425.6762552	8.71812381222635
1320551.17457944	8.69403939807698
1338912.88625106	8.67136149982242
1357512.63531136	8.65033321897536
1376354.98186357	8.63057253887299
1395442.66196963	8.6123746542093
1414777.49967084	8.59556592104666
1434364.96709107	8.58000742423496
1454205.97625096	8.56618536679956
1474305.9992744	8.5533357154149
1494666.86020267	8.54199676628762
1515293.11913901	8.53192541790504
1536187.51214536	8.52326058541727
1557352.77528366	8.51593281124926
1578794.38067778	8.50959480752575
1600514.15236902	8.50471541287833
1622516.6504606	8.50075633110035
1644805.52303512	8.49825585839847
1667384.41817516	8.49688407129118
1690256.98396329	8.49671042735355
1713426.86848212	8.49740500310408
1736897.71981422	8.49950609474941
1760674.09806283	8.50231912653902
1784759.65131052	8.50626084392324
1809158.02763989	8.5114007044771
1833874.69917482	8.51739142032536
1858912.40197723	8.52438927101187
1884275.69615037	8.53229007017407
1909969.14179746	8.54076389433044
1935996.3870011	8.5506095055941
1962361.9918645	8.56097604867064
1989070.51649091	8.57217608264782
2016127.43300419	8.58420960752562
2043535.4774663	8.59671197103502
2071300.1220011	8.61025619817021
2099425.01469119	8.62442554348087
2127916.53968108	8.63918527817947
2156779.257074	8.65434439393462
2186015.90293191	8.65352826742776
2215633.77341996	8.62991269191
2245636.51662074	8.64118218346222
2276029.60465813	8.65224330228929
2306818.50965601	8.66318287036002
2338006.87969696	8.67434817554967
2369602.01094615	8.69919662302461
2401606.63946552	8.69919662302461
2434028.97344089	8.69919662302461
2466871.7489342	8.69919662302461
2500142.26211062	8.73500200296404
2533845.98509402	8.73500200296404
2567987.47798763	8.73500200296404
2602573.12493599	8.73500200296404
2637608.39806296	8.73500200296404
2673099.68151307	8.73500200296404
