NCBI-033_Phylloscopus_trochilus
0	11.1313734483442
1445.13314232556	11.1313734483442
2906.78935487999	11.1313734483442
4384.96863766329	11.1313734483442
5880.9419960777	9.22409181325006
7393.43842472098	8.62210856098836
8922.45792359314	6.79680242953247
10469.2714980964	5.49854272839848
12033.8791482307	5.52770298114929
13616.2808739962	6.26387367236255
15216.4766753927	7.0756347773876
16834.4665524204	7.78711980635836
18471.5215104814	8.3463933435997
20126.3705441734	8.92585281442629
21800.2846588988	9.66126936117186
23494.5348600597	10.4377867814067
25206.5791368517	11.1773008464267
26938.9595000793	11.9871514521336
28690.4049443402	13.0168100320242
30462.1864750366	14.2878451178744
32254.3040921685	15.7423886908634
34065.4867903338	17.3270473226784
35898.2765803368	19.0215093889895
37752.6734621776	20.7954834203444
39627.406430454	22.5458024535626
41522.4754851658	24.1780978775869
43440.4226371177	25.6273875774509
45379.9768809073	26.8357783961848
47341.1382165347	27.8254170429898
49325.1776494021	28.5978118068012
51330.8241741072	29.1683220966112
53360.6198014545	29.5294818821895
55412.0225206396	29.6384054814733
57487.5743424669	29.4930064281021
59587.2752669364	29.1215400014653
61709.8542886459	28.553091039867
63856.5824129976	27.9036721005874
66028.7306453937	27.3077722803651
68225.027980432	26.8811778931399
70445.4744181125	26.6903542046646
72692.6119692397	26.7953813908654
74963.898623009	27.124716279907
77261.876390225	27.5952018751519
79586.5452708877	28.0984424784437
81936.6342595948	28.539038814619
84313.4143617485	28.8583435822403
86718.1565827511	29.0543708675427
89149.5899172003	29.1624649079121
91608.9853704985	29.2224696693916
94095.0719372432	29.2780249785116
96611.6626336413	29.3162349648748
99154.944443486	29.3326501761216
101727.459377582	29.299492957692
104330.478441331	29.2017558346789
106961.459623929	29.0228476287932
109624.215941582	28.764628563055
112316.205383487	28.4517088852601
115038.698955045	28.0915797637877
117791.696656256	27.695553365653
120576.469492523	27.2869830312057
123393.017463845	26.8793930845664
126241.340570223	26.4827633708576
129122.709817058	26.1107439049445
132035.85419895	25.7575780507237
134983.315726701	25.4433511891848
137963.823394909	25.1620804408842
140977.377203576	24.9223127764556
144026.519163505	24.7225901832615
147109.978269294	24.5681665344268
150227.754520942	24.4555476272513
153381.118923853	24.3817671601619
156571.342483429	24.3503947503059
159797.154194266	24.344814081245
163059.825061768	24.3763624581435
166359.355085934	24.4308116887109
169695.744266765	24.4987098289522
173071.534615065	24.5912936314361
176484.184120029	24.70441530159
179937.505797864	24.8302065988013
183428.957637766	24.977088802959
186959.810645136	25.1508939646134
190531.335825378	25.3459911384056
194143.533178491	25.5674330922693
197796.402704475	25.8172811544161
201491.215408732	26.1090847871156
205227.971291262	26.4237138590372
209006.670352066	26.7781114825552
212828.583596545	27.1659428441409
216694.982030102	27.5862275559864
220604.594647335	28.036854013582
224558.692453645	28.5184003943531
228557.275449033	29.0288807845347
232601.614638901	29.5596727990462
236691.710023249	30.1133153909287
240828.832607479	30.6743988748925
245012.982391592	31.2543862468465
249244.159375586	31.837792407054
253523.634564865	32.4288154263852
257852.678964831	33.0120456195503
262230.021570081	33.5964573057148
266658.204391419	34.1716432912244
271134.685418043	34.7350143467402
275664.548671559	35.2802607968825
280243.981135762	35.807759713885
284876.795826859	36.309265784901
289561.721739446	36.7874939300143
294298.758873525	37.2342239745268
299091.720245301	37.6479727676523
303938.063843971	38.0213245554583
308839.060674936	38.3546312720298
313797.252749001	38.6450523065385
318811.369060764	38.8901743966877
323881.409610224	39.0880116287126
329009.916408187	39.2329833335522
334196.889454652	39.3266732145886
339442.328749619	39.3685785088434
344747.50529849	39.3597801567203
350113.690106669	39.2953008047326
355540.883174153	39.175517525114
361029.084500945	39.0023156790337
366579.565092445	38.779918475511
372193.595954056	38.5047562973986
377872.448091181	38.1845465564161
383614.850498416	37.8146386950125
389422.074181165	37.4014680793123
395295.390144829	36.9443811174434
401236.069394811	36.4546145619745
407244.111931111	35.9278195131418
413320.788759131	35.364096523541
419466.099878871	34.7755370428043
425681.316295733	34.1601551571666
431967.709015119	33.5251403772199
438325.27803703	32.8702161833261
444755.294366867	32.1975947325905
451259.029010033	31.5152196800727
457835.210961126	30.821356493497
464487.653236352	30.1205300396697
471215.084830309	29.4167875605672
478018.776748399	28.714603646698
484899.999996025	28.0070150308103
491858.754573186	27.3062388532808
498897.582490687	26.6099372662596
506016.483748529	25.9206994990858
513216.729352112	25.2403354984818
520498.319301438	24.5679905673843
527862.524601907	23.9079633292592
535310.616258924	23.2605805800423
542842.594272487	22.6254401093511
550461.000653401	22.0041507587164
558165.835401666	21.3978688829889
565959.640528087	20.8074743173807
573839.874021859	20.232615127807
581811.61990459	19.6728891038851
589872.336165478	19.1304832645712
598025.835820727	18.6032860053557
606272.118870338	18.0930318585144
614612.456319714	17.5991175084732
623046.848168854	17.1216183696787
631576.565423161	16.6604087513864
640204.150093439	16.2147847854265
648929.602179688	15.7851989584795
657755.463692712	15.371123369418
666680.46362711	14.9726585708378
675707.143993685	14.5887487604841
684835.504792438	14.2197961487396
694069.359039575	13.8653231107748
703407.435729695	13.5236956669098
712852.276873601	13.1967991783137
722403.882471293	12.882496902328
732063.523528175	12.5810150822932
741833.74205505	12.2919515078263
751715.80905732	12.0150045211404
761708.453529583	11.7496210829592
771816.759493449	11.4951727395595
782038.184938112	11.2521371157708
792376.54287978	11.0194835474875
802833.104323854	10.7966338572841
813407.869270335	10.5839902555435
824103.379730026	10.3804215255642
834919.635702929	10.1857517003036
845860.45020525	10.0002070231021
856924.552231585	9.82283224430068
868114.483792741	9.65345139685677
879431.515894119	9.49193879002579
890878.190546524	9.3379173515739
902454.507749955	9.19085918037371
914161.738509815	9.0510659342123
926002.424836908	8.9177080541752
937977.837736637	8.79073526396458
950090.519219805	8.66982076764442
962339.198281011	8.55491428891689
974728.958941864	8.44551306480352
987258.530196961	8.34144112826185
999930.454057107	8.24267334114295
1012747.27253311	8.14878235491513
1025708.98562496	8.05991899847194
1038818.13534347	7.97542967994137
1052077.26369944	7.89546522821696
1065486.37069287	7.8195731566181
1079047.99833457	7.74790429403831
1092764.68863535	7.68028267343515
1106636.44159519	7.61615525553229
1120665.79922491	7.55577342181899
1134855.30353531	7.49883551450814
1149206.22553179	7.44524098100407
1163719.83621975	7.39478871611539
1178398.67761	7.34745358169318
1193244.02070795	7.30305961069497
1208259.67852979	7.26155652682291
1223444.38007013	7.22276836303455
1238801.93834517	7.18656942858528
1254334.89536571	7.15288430902831
1270044.52213717	7.12166272806581
1285932.08966493	7.09270358050639
1302001.41096521	7.06615769524358
1318252.48603802	7.04154744744786
1334689.12789954	7.01914935675737
1351312.60755519	6.99868690353396
1368124.19601037	6.98005953518193
1385127.70628129	6.96334266614807
1402324.40937334	6.94836032938989
1419716.84729734	6.93511252490741
1437306.29105868	6.92364952899848
1455096.55367357	6.91344344053569
1473088.90614741	6.90494674619968
1491285.89049101	6.89780751190552
1509690.04871518	6.89184977061074
1528302.65182531	6.8874505945492
1547127.5128376	6.88418263518919
1566167.17376288	6.88217158327535
1585421.63460113	6.88121633361627
1604895.97937396	6.88136716250981
1624592.75009218	6.88264920810489
1644511.9467558	6.8847356744655
1664658.6533864	6.88772711418735
1685034.14098941	6.89174921801505
1705640.95157563	6.89652546631044
1726482.89816125	6.90215641166922
1747561.25175169	6.90831525815538
1768879.82536314	6.91542935430062
1790439.89000102	6.92294566082863
1812245.25868153	6.93088931588833
1834299.74442087	6.93971280616034
1856604.61822445	6.94878767792159
1879162.42210308	6.95831503636345
1901976.96907295	6.96799322369884
1925050.80114487	6.97814903586378
1948387.73133506	6.98843053877333
1971989.0306489	6.99926508095919
1995859.78310802	7.00999907054936
2020001.25971781	7.02048167865029
2044418.54449988	7.01992863937399
2069111.63745424	7.02133637571368
2094086.89360789	7.02357367096784
2119345.58396623	7.02613776215799
2144891.52154547	7.02739466960415
2170728.51936183	7.02739466960415
2196859.11942609	7.02739466960415
2223285.86374908	7.02739466960415
2250013.83635239	7.00668083489151
2277045.57924683	7.00668083489151
2304384.90544861	7.00668083489151
2332035.62797393	7.00668083489151
2360000.2888336	7.00668083489151
2388282.70104383	7.00668083489151
