B10K-DU-007-02_Piprites_chloris
0	2552.09036146087
615.835081202977	2552.09036146087
1240.90558966326	2552.09036146087
1874.79173323278	2552.09036146087
2518.33309620767	68.4732348666349
3171.10988643987	28.4531363028421
3833.54189607743	18.6536371549873
4505.62912512035	16.91132074626
5187.37157356863	17.4009344322319
5879.6088257184	17.5926928754485
6581.50129727353	16.7391357830864
7294.30836467821	15.4165740768333
8017.1904436363	14.3592346062201
8750.56732629588	13.9844135307915
9494.858804805	14.2924349671394
10250.0648791637	15.1873762146006
11016.1855493719	16.4997954431093
11793.6406075777	18.1660156002637
12582.4300537811	20.1800919134498
13382.9736801301	22.6481528033371
14195.2714866249	25.7362092072861
15019.3234732652	29.5369031336265
15855.5494321993	34.1389634757359
16704.3691555752	39.6542183631335
17564.9430590968	45.9822865156952
18438.5305192082	53.1693110687247
19325.1315359094	60.973200643854
20224.3263170524	69.4031174637691
21136.9544469333	78.3210194814134
22063.0159255521	87.7887971552913
23002.5107529087	97.7611769312001
23955.8587211514	108.400438453051
24923.479622428	119.670834032331
25904.9536645907	131.276129009247
26900.7006397873	143.269897484868
27911.140340166	155.034017497141
28936.6925578749	166.513286456752
29976.9375007658	176.831419583486
31032.7147531349	186.041738009366
32104.0243149822	194.373376354364
33190.8661863077	201.533451798562
34293.6601592594	208.339591924308
35412.4062338374	214.710767583604
36547.9439943378	220.655010543706
37700.2734407606	225.859184650339
38868.9747809576	229.688867248455
40055.3073913732	231.527066831432
41258.8514798592	230.59186397902
42480.0268385636	226.400435643112
43718.8334674866	219.093567003874
44976.1109509242	208.874811186357
46251.8592888763	196.537803239819
47546.4982734912	182.844027428649
48860.0279047687	168.152296630745
50192.4481827089	153.486012937953
51545.0184837559	139.056460841836
52916.8992236137	125.428757383736
54309.3497787263	112.636579068087
55721.9503569458	100.92535330257
57155.1207504203	90.2195293001209
58609.7005434457	80.540925641078
60085.2699438741	71.8748859312575
61582.6685360016	64.1034791628716
63101.8963198281	57.2060883585568
64643.7928796499	51.132997195215
66207.9384233188	45.7751918239796
67795.172535131	41.0692165403654
69405.4952150864	36.9429672605787
71039.7460474812	33.3587753124044
72697.9250323154	30.2280620028365
74380.4519617371	27.505648641065
76087.3268357461	25.1273680471586
77819.8090307868	23.063235483717
79577.058962563	21.2591630062917
81360.7557996669	19.6790629992136
83170.0599578025	18.2923973552913
85006.2308134138	17.0699876759628
86869.2683665009	15.9889165465898
88759.5924092119	15.0331046220965
90677.6227336948	14.1816977666374
92623.7791320976	13.4225929923506
94598.4813965685	12.7432208996931
96602.1493192555	12.1353283734933
98635.2026923067	11.5877610598172
100698.481100018	11.0975228565095
102791.564750242	10.6540285899928
104915.713019422	10.2540845260437
107070.50611541	9.8933032327461
109257.203414651	9.56722613063954
111476.224709292	9.27137882969803
113727.569999334	9.00268617493901
116011.659076925	8.76116397692797
118329.751318508	8.54202953961238
120681.426931936	8.34327492117844
123067.945293653	8.1636510869546
125489.306403659	8.00185366529015
127946.34984625	7.85471263780981
130439.495413575	7.72335055466142
132968.743105632	7.60481874538617
135535.772091014	7.49861917717197
138139.742785426	7.40321822516891
140782.334357459	7.31826805693683
143463.546807114	7.24305719702988
146184.219718686	7.17619431568734
148944.772884324	7.11773474988832
151746.045888324	7.06661919174681
154588.038730685	7.02181995450772
157472.010787852	6.98397736607231
160397.962059826	6.95143131706696
163367.151923049	6.92413437579528
166380.000169671	6.9016359411416
169436.50679969	6.8836356123621
172538.3509817	6.87029149511142
175685.532715701	6.86042570226259
178878.891585988	6.85480504624053
182119.267176857	6.85192752332628
185406.65948831	6.85246508255202
188742.747688937	6.85602245978117
192127.951570887	6.86180122145786
195562.27113416	6.87039426378693
199047.385547348	6.88172253394109
202583.294810452	6.89539076778376
206171.258299914	6.91107484872294
209812.115600033	6.92857714469035
213506.286502954	6.94820596171253
217254.190800828	6.96963718319747
221057.507662245	6.99288661971064
224916.656879354	7.01777244974922
228832.058244303	7.04395474615576
232805.390925684	7.07189992061141
236836.654923497	7.10150520444067
240927.109614187	7.1324385757688
245077.594582049	7.16433639159017
249288.94941138	7.19781526395783
253562.433478624	7.23247202345248
257898.04678378	7.26854382855605
262297.888287589	7.3056907521111
266761.538197904	7.34359658280837
271291.095475464	7.38340758664392
275887.399704565	7.42464944665386
280550.870677355	7.46608103344935
285282.347978132	7.50956008847228
290083.930567634	7.55384548233383
294955.618445862	7.59974355387258
299898.67098926	7.64640053255356
304914.347574272	7.69463066249809
310003.487785195	7.74401496372142
315167.77079062	7.79461667848538
320407.196590548	7.84645952263818
325723.864145719	7.89982018107542
331118.613040429	7.95380535684845
336592.282858974	8.00976685330433
342146.132977799	8.06704853197636
347781.842565495	8.12534208683802
353499.83141421	8.18516136126685
359302.198484686	8.24575535340336
365189.363569069	8.30804898132713
371162.586043805	8.37137029600599
377223.964869633	8.43629638307933
383373.919838702	8.50174421881294
389614.549911751	8.56850433147998
395946.274880929	8.63661624749409
402371.193706977	8.7051550487757
408890.145974189	8.77452390474411
415504.81085116	8.84477815237844
422216.867506479	8.91616285544337
429027.155524445	8.98779262227298
435936.934281501	9.06016548567933
442948.722530536	9.1327913181331
450062.940063696	9.2059547098126
457281.685841724	9.27892837470655
464606.63903321	9.35232101958527
472038.639222452	9.42527096863102
479579.785370189	9.49789680108479
487231.336852866	9.57001669544374
494995.81242337	9.6419626735826
502873.631873851	9.71294420722823
510867.313957196	9.78319054957983
518978.11804985	9.85210089914982
527207.723320404	9.91980964574462
535558.228729599	9.98615868370962
544031.313446028	10.0512824028513
552628.656638282	10.1145167594201
561352.357267102	10.1755929738032
570203.674708932	10.2348193520272
579185.127716661	10.2919508303273
588297.975666732	10.3466158604152
597545.157104182	10.3988065370082
606927.511613307	10.4480406378596
616447.557946995	10.4947687640852
626107.395065988	10.5381766715635
635908.702138876	10.5790232674369
645853.997918549	10.6163915389084
655945.381365746	10.651079919534
666184.53164906	10.6820607225585
676573.967521379	10.7098240755114
687116.207735592	10.7338087033186
697812.511668143	10.7544256806822
708666.237656216	10.7714062279893
719678.645076255	10.7852167569211
730853.092265446	10.7950904550527
742191.258392379	10.8014463023688
753696.082002092	10.804323825283
765369.242263176	10.803588633989
777214.097512817	10.7994857922514
789232.326919607	10.7916753729127
801426.869028581	10.7811376310317
813800.662384776	10.7669950802252
826355.805948934	10.7491449518176
839095.238266089	10.7287414170877
852021.478089131	10.7052311062444
865137.463963095	10.6786851668322
878445.71464087	10.6495225788359
891949.168667494	10.6177117211246
905650.764588001	10.5833158359601
919553.440947428	10.5465325554107
933660.136290813	10.5075595115447
947973.78916319	10.4665389994512
962497.338109598	10.4236133142195
977234.141467219	10.3787508347185
992187.137781091	10.3321808141476
1007359.26559625	10.2843459483396
1022754.30304203	10.2351118474882
1038374.76887131	10.1846445225307
1054224.86100559	10.1331890372317
1070307.09819774	10.0809746447906
1086625.67836925	10.0278906712489
1103183.54006515	9.97407150641325
1119984.04162263	9.92018909931573
1137031.38096317	9.86565845903424
1154328.49663181	9.81079579687803
1171879.58655002	9.75622563018288
1189688.00905499	9.70160012650861
1207757.9620682	9.64707739150985
1226092.80392684	9.59291829951673
1244696.73255238	9.53937581957667
1263573.52607416	9.4862839407523
1282727.38241367	9.43331854645163
1302162.07970022	9.38162590267073
1321882.23564745	9.33089770338306
1341891.20859255	9.28080983199664
1362194.03604129	9.23182870019262
1382794.91591515	9.18355904383443
1403697.62634347	9.13719456061451
1424907.20483201	9.0916601320814
1446427.84930227	9.04756446500542
1468264.59726002	9.00489965410382
1490421.22683459	8.96383171031397
1512903.19532391	8.92443968646319
1535714.70064945	8.88685797235791
1558861.20010914	8.85103913630175
1582347.31141661	8.81699898886015
1606177.6522855	8.7850300254942
1630357.68001371	8.75604925900073
1654892.85189918	8.72982743618053
1679787.3658634	8.67606360832399
1705047.51878857	8.67606360832399
1730678.34818047	8.67606360832399
1756684.8915449	8.67606360832399
1783073.0259719	8.62445792265313
1809848.62855157	8.62445792265313
1837016.73678967	8.62445792265313
1864583.64756843	8.62445792265313
1892554.81818577	8.62445792265313
1920936.12573176	8.62445792265313
