OUT-0023_Poecile_atricapillus
0	16.264929922635
1366.83705972903	16.264929922635
2748.83528138339	16.264929922635
4148.32715141311	16.264929922635
5562.98018336816	98.1573239678762
6995.12686369859	162.316801625831
8443.60094917935	140.847410665313
9908.40243981047	89.9677866981396
11391.863822042	60.5006480986696
12891.6526094238	45.7940422692802
14408.9350451811	37.5624259811066
15944.8773725387	31.8763791352786
17498.3133482717	27.2756953286623
19069.2429723801	23.4945854310664
20659.9987313138	20.5633027674211
22268.248138623	18.4111599216513
23896.3236807576	16.9405504648309
25543.0591144926	16.077008093862
27208.4544398279	15.7655388881882
28893.6758999887	15.893443099539
30598.723494975	16.3472652022393
32323.5972247866	16.9961667903088
34069.4633326487	17.7274925729713
35835.1555753362	18.4293430368555
37621.8401960741	18.9668563727389
39429.5171948625	19.2641880951977
41258.1865717014	19.3293850107159
43107.8483265907	19.2971977847799
44979.6687027554	19.3181594933833
46872.4814569706	19.5199298316577
48788.6190756863	19.9695284723912
50726.9153156775	20.6535070235319
52688.5364201692	21.5312980214517
54672.3161459363	22.5147200260345
56679.4207362039	23.5692740216362
58709.8501909721	24.6275624467664
60764.7707534657	25.6559532069215
62843.0161804599	26.6588253652985
64945.7527151795	27.5901431864601
67074.1466008497	28.4746472660323
69225.8653510204	29.3109816504365
71404.4076953667	30.1121501567807
73607.4411474385	30.8697947761202
75836.1319504609	31.5932738110235
78091.6463476588	32.2704725942702
80372.8180958072	32.8989015061746
82681.9796813563	33.4521527950709
85016.7986178559	33.9217795370257
87379.607391756	34.2861309322726
89770.4060030568	34.5315140725404
92188.0282085332	34.7006970674293
94635.9727378602	34.7879226714162
97110.7408613627	34.8375150064047
99615.831308716	34.8717472770825
102148.91159347	34.9220953894755
104712.314202074	34.9471471875625
107306.039134529	34.9882036836287
109930.086390835	35.0072981774678
112584.455970991	35.0136555991651
115270.314118223	35.0084985298162
117987.660832531	34.9693537060087
120737.66235714	34.9259187339928
123519.152448824	34.840426972287
126332.131107583	34.7417535634955
129178.930819869	34.6061582056158
132059.55158568	34.4572922856617
134973.993405017	34.2760835385412
137922.25627788	34.0617984155969
140904.340204268	33.8228616120151
143922.577670632	33.5457580495023
146975.802433747	33.243313715189
150064.014493613	32.9155952953168
153189.546336679	32.557912524228
156350.065476496	32.1818021217158
159549.070642739	31.7904650273761
162785.395592183	31.3908588390805
166059.040324827	30.9726916468784
169372.337327123	30.5520126062435
172722.954112619	30.1180852322813
176113.223167766	29.6851581519428
179544.310735789	29.2448511275361
183013.884330237	28.8022100846741
186525.442680787	28.3635035300653
190077.819544212	27.9169502276973
193671.014920514	27.4749760472511
197307.361296141	27.0279781699392
200985.692427869	26.5827585924027
204707.174558923	26.1393173146418
208472.973932528	25.6996549239037
212281.924305459	25.2629711852895
216136.358164166	24.8356679779909
220035.109265424	24.4157224860134
223980.510095683	24.0019788145028
227971.394411717	23.6058625395166
232008.928456753	23.2199492594921
236094.278474015	22.8483068351658
240227.444463503	22.494891983538
244409.592668442	22.1546810077432
248639.556845606	21.8326531471525
252919.669481447	21.528230454339
257249.930575964	21.2400569757239
261630.340129157	20.9699999260714
266063.230627477	20.7165032930779
270547.435827697	20.4803228541482
275084.121973043	20.2590356758379
279674.455306741	20.0547312603835
284318.435828789	19.8635862632675
289016.063539189	19.6881792191645
293769.67092439	19.5232641437367
298578.091741167	19.3718863753497
303443.658475971	19.2309116606492
308365.204885575	19.101118005787
313345.063456431	18.9790377262009
318383.234188538	18.8660045467225
323480.883325121	18.7612849186944
328638.010866181	18.6622113924535
333855.783054942	18.5710957577077
339134.199891404	18.4821140826926
344474.427618792	18.3995787443635
349877.632480332	18.3185327320964
355343.814476023	18.2422659004759
360874.13984909	18.1668882187431
366469.774842759	18.0926664318644
372130.719457029	18.0203563172443
377856.973691901	17.9484463200737
383652.036277049	17.8748913956107
389513.574726024	17.8017810460917
395445.0877685	17.7275148017185
401445.409161252	17.6492696115978
407515.705147506	17.5702908728197
413657.141970487	17.4889781155863
419870.885873419	17.4046200199873
426156.936856302	17.3165719523543
432517.627405587	17.2242559652602
438951.791278049	17.1289168685477
445462.927203362	17.0285096174751
452048.702695077	16.9243679368741
458712.616482869	16.8153359318905
465453.502323512	16.7015469750076
472274.858946682	16.5831566674556
479175.520109153	16.4600538654985
486156.652054151	16.3316161642151
493219.421024902	16.1980880798244
500366.159507853	16.0596918997984
507595.701259782	15.916316480401
514910.378767137	15.7682952528402
522310.19202992	15.6149613547002
529797.473534578	15.4581375432508
537372.223281114	15.296089976211
545035.607512752	15.1307970120809
552787.626229492	14.9612805859841
560631.778161008	14.7883409328195
568568.063307302	14.6117779938624
576596.481668373	14.4340813887985
584720.531973895	14.2517834330654
592937.88173742	14.0680628375121
601253.195931846	13.882652857172
609664.142070725	13.6957980082643
618175.385126956	13.506675827143
626784.592614089	13.3179093059767
635496.429505024	13.1284759223946
644309.729556536	12.9387313363518
653225.65901185	12.7493868677585
662246.550357417	12.5605314316034
671373.569836461	12.3726540603249
680606.717448982	12.185888126406
689948.32568143	12.0004559173188
699399.560777031	11.8168909229957
708961.588979009	11.6349041697234
718635.57653059	11.4556293236087
728422.689674997	11.2783772934886
738325.260898683	11.1042595167228
748343.290201646	10.9321867846987
758479.110070336	10.7633816785121
768732.720504754	10.5979108844045
779107.620234574	10.4352853699377
789603.809259797	10.276127540033
800222.453823648	10.1206596821624
810965.886412576	9.9682816201517
821835.273269807	9.81979358889985
832831.780638565	9.67472878471578
843956.574762077	9.53350955379616
855213.154370016	9.39602475240503
866600.353219158	9.26218546555362
878121.670039177	9.13225843820825
889778.2710733	9.00602138289698
901570.156321525	8.88345207087261
913501.990756754	8.76479501835429
925572.60813576	8.64985016661726
937784.340944995	8.53861751566153
950139.521670907	8.43098592175113
962639.316556723	8.32702207112764
975286.058088891	8.22679265003264
988080.912510638	8.13009759974138
1001026.21230841	8.03678131902353
1014121.95748222	7.94699940910941
1027371.64676172	7.86057404002151
1040776.44639016	7.77759412674858
1054338.68885397	7.69774846682992
1068059.54039639	7.62139272022062
1081942.49974708	7.54790448199926
1095986.40066283	7.47759495462657
1110195.90811653	7.41035299436656
1124571.02210819	7.34593408500011
1139115.24136747	7.28453828525196
1153829.73213761	7.22598776514457
1168716.82690505	7.16992686472283
1183777.69191302	7.11702244640256
1199015.82589119	7.0664298177904
1214431.22883957	7.01830458011671
1230028.56573105	6.97284679210622
1245807.83656564	6.9298786237814
1261772.540073	6.8891555589231
1277925.00873959	6.8508331987617
1294265.24256542	6.81460034083647
1310797.90652337	6.78067927261935
1327524.16685667	6.74898107912158
1344446.35605178	6.7189500416633
1361566.80659515	6.69120856516595
1378887.85097321	6.6654899046632
1396411.82167244	6.64143840019995
1414141.05117926	6.6193874829841
1432077.87198014	6.59915932303812
1450225.78280475	6.58055386163725
1468585.94989632	6.56363778502308
1487160.70574129	6.54834440695403
1505953.54906934	6.53469595617728
1524966.81236692	6.52249237396811
1544201.66187725	6.51188926155686
1563662.76257324	6.50273101771319
1583352.44694133	6.49490649870111
1603271.88122476	6.48850461950942
1623425.73039641	6.48336977890774
1643815.16069952	6.47932414691854
1664443.67086375	6.47663446850814
1685313.59337557	6.47516737119338
1706428.42696465	6.47501176996303
1727790.50411743	6.47563417488444
1749402.15732036	6.47734578841833
1771268.05154635	6.48010215307031
1793390.51928184	6.48392549758758
1815770.72677007	6.48872690698135
1838414.50522715	6.49435078002128
1861323.02089631	6.50055260048823
1884499.77250723	6.50788808706205
1907948.25878958	6.51569037732693
1931671.97847303	6.52435958873236
1955673.26404404	6.53358451881761
1979956.78047551	6.54325402384674
2004523.69401065	6.55387936500518
2029378.66962238	6.56468253614117
2054525.20604037	6.57588582472664
2079965.63575106	6.58724471454246
2105704.62372735	6.59918155178531
2131745.66869893	6.59938161051005
2158091.10315224	6.61385252493295
2184745.59206018	6.61385252493295
2211712.63415243	6.61385252493295
2238995.72815866	6.61385252493295
2266598.37280855	6.61423041363524
2294524.06683176	6.61423041363524
2322777.47520121	6.61423041363524
2351360.93040335	6.61423041363524
2380280.26365429	6.61423041363524
2409538.97368371	6.61423041363524
