B10K-UC-030-53_Promerops_cafer
0	0.902599095708876
698.339559549881	0.902599095708876
1406.72372920288	0.902599095708876
2125.6308237258	0.902599095708876
2855.06084311866	2.28126664574463
3595.01378738144	3.57911779868595
4345.96797128097	5.17249039878979
5107.44508005043	6.62415161033458
5880.40174322345	7.77128225269193
6664.83796080003	8.65687029700537
7460.27541801336	9.36428410703344
8267.67074439705	9.94735596746816
9086.54562518431	10.4943975188993
9917.37837514194	10.9836212686933
10760.6473090368	11.4468248450669
11615.874112102	11.8653535570784
12484.0154138712	12.18195190083
13364.5928995776	12.3965210107852
14258.084883988	12.4902208231211
15164.4913671024	12.4846905321661
16084.2906636876	12.3746779062873
17017.4827737436	12.2088371476958
17964.0676972705	12.0104263738826
18924.523749035	11.793886132291
19899.3292438039	11.58252397318
20888.0058668105	11.3871594937141
21891.5102475883	11.2080336786387
22909.3640713706	11.0441825889718
23942.0456529242	10.9001972930704
24990.0333070158	10.7683292045015
26053.3270336455	10.6461314012337
27131.9268328133	10.530600842592
28226.311019286	10.4235974364841
29336.9579078304	10.3272406128515
30463.3891836797	10.2382801671777
31606.5614763675	10.1581558288396
32765.9964711271	10.0926141571536
33942.6507974919	10.0377623216152
35136.5244554621	9.99019564030674
36348.0957598045	9.95029721718274
37576.8863957522	9.9233131047803
38823.8529928389	9.90284793869905
40088.9955510645	9.8896370313676
41372.7923851959	9.88083799860803
42675.2434952332	9.88009650708335
43996.3488811761	9.88191934041486
45337.0651725586	9.88736930312128
46697.3923693804	9.89530326243539
48077.3304716416	9.90769234999364
49477.3577941091	9.92242949404672
50898.4309663164	9.94284522735967
52339.59335873	9.96809919287118
53802.2799156502	10.0036475323837
55286.0123223103	10.0453935052234
56791.2688934771	10.097106359974
58319.0062586841	10.1621537039768
59868.7461031647	10.2318168327208
61440.9667416855	10.3150121817903
63036.1464890135	10.4107016630507
64654.7636599154	10.5091532002405
66297.2965691581	10.6145871159544
67963.2669019747	10.7305069576466
69654.1096026657	10.852167179559
71369.3463564642	10.9766759647454
73109.4554781372	11.1033845081217
74875.3935972181	11.230086872402
76666.6823989402	11.3628694671846
78484.2785128372	11.4957571066
80328.6602536758	11.6273471358471
82199.3493066892	11.7625148617008
84097.7806161779	11.8943582338856
86023.9541821418	12.029006915672
87978.3483193478	12.1631612697753
89960.963027796	12.2968274752916
91972.7549370198	12.4315194107503
94013.7240470194	12.5657726303903
96084.8269873282	12.7027570104795
98186.0637579465	12.8386415114737
100317.434358874	12.9775043367588
102480.373734411	13.1139325982045
104674.881884559	13.2524184986312
106901.437124082	13.3910712346509
109160.51776775	13.5293408667162
111452.602130327	13.6694086157289
113778.168526581	13.8050026992093
116137.69527128	13.935103566311
118531.660679189	14.0684237424491
120960.543065075	14.1935627954315
123424.820743706	14.315711165931
125924.972029848	14.4370006420811
128461.475238268	14.5498309357537
131035.286998499	14.6601834119147
133646.885625309	14.7633804948625
136296.271118697	14.8598732586079
138984.400108198	14.9495443003263
141711.750908577	15.0346551691679
144479.280149368	15.1123140481864
147286.987830572	15.180494193881
150135.352266955	15.2450533892968
153025.808402818	15.3018887146637
155958.356238161	15.3505861705473
158933.47408775	15.3939819620294
161952.11858112	15.429542659734
165014.768033036	15.4561622054701
168122.379073033	15.4768127444326
171275.430015877	15.490338785662
174473.920861569	15.4978340291573
177719.764869176	15.4945343918725
181012.48372393	15.4858156873614
184353.512370133	15.4700095596936
187743.329122551	15.4447123405098
191182.890610717	15.4137488902583
194672.196834633	15.373337602163
198212.682738597	15.3281004400613
201804.826637378	15.273582275709
205449.585160508	15.212001404584
209147.436622754	15.1431724538053
212898.859338884	15.0662983199837
216705.766567965	14.9832574483152
220567.679995229	14.8937099885177
224486.034564977	14.7975879705345
228461.786906744	14.6934269486047
232495.893650061	14.584229963403
236588.35479493	14.4686376138009
240740.605285651	14.347218376634
244954.080066524	14.2207878925794
249228.300822783	14.0891607887561
253565.180813495	13.9524482888926
257965.676668192	13.8109778850791
262430.266701644	13.6656826208174
266959.907543382	13.5169332418698
271555.55582294	13.3633703471079
276218.646484619	13.2076633060205
280949.657843186	13.0480819717166
285749.546528175	12.8864615357197
290619.747483885	12.7222829539628
295561.21733985	12.5570415676871
300574.434410838	12.3892234983632
305660.833641149	12.2208740267799
310821.849975083	12.0503556924868
316057.961727406	11.8808816254244
321370.60384242	11.7103323956512
326760.732949658	11.5396657630533
332229.783993421	11.3690609214157
337778.713603242	11.1994200187603
343408.478408654	11.0299953844662
349120.035039192	10.862622210057
354915.775068689	10.6961882582458
360795.698497146	10.5308541855296
366761.240268862	10.3671575732637
372814.313642906	10.2061426886787
378955.396934043	10.0468764882727
385186.403401342	9.89008810537845
391508.289674336	9.73540061513744
397922.490697325	9.58406219494957
404430.44141461	9.43505329396842
411033.098455724	9.28877555343652
417732.375079734	9.14567386826868
424529.227916175	9.00528480626198
431425.570224114	8.86846108266979
438422.83694785	8.73451063873575
445521.506402152	8.60411935412019
452724.448475619	8.47699063221324
460032.619797785	8.35288348826936
467446.976998184	8.23232932454794
474969.91165065	8.11511187268759
482602.380384717	8.00123731178435
490346.774774218	7.89074271641446
498204.051448688	7.78373313121057
506175.645352427	7.67968333300939
514263.948059268	7.57948929073656
522470.394513513	7.48229828913869
530796.419659461	7.38825862652073
539244.415070947	7.29777194412521
547815.337377505	7.21007821313933
556511.578152969	7.12564086576602
565334.572341638	7.04441046923696
574286.711517347	6.9662510834393
583369.430624397	6.89089082814732
592584.642921854	6.81852125533823
601934.261668787	6.74908675314768
611420.678439029	6.68232779954203
621045.806491647	6.61863985666777
630811.080770941	6.55741119401705
640718.892850747	6.49900637825616
650771.634304898	6.44317824554354
660970.740077694	6.38963637836537
671319.080057736	6.33865265694735
681818.089189325	6.2901961858093
692470.637361061	6.24414338303042
703279.11614678	6.20014821923255
714244.96049078	6.15847639554534
725371.040281663	6.11887456903122
736659.268778497	6.081633157204
748112.515869882	6.0462949069568
759733.173129652	6.01285363919358
771523.153816875	5.98142057764305
783485.327820151	5.95176709575176
795622.086713314	5.92409710368899
807936.300384966	5.89805221388449
820430.36040894	5.87373747097092
833106.658359071	5.85116523314035
845968.064123959	5.83032314220071
859016.969277439	5.81091460154212
872256.722022878	5.79297668574082
885689.235619343	5.77654029027701
899318.336584969	5.76161159424672
913146.416493591	5.74808555301729
927176.345233808	5.7358324055719
941410.992694222	5.72491394287094
955853.7070782	5.7153301649144
970506.879959577	5.70677211690035
985374.337856488	5.69965997735943
1000458.95065753	5.69341291126397
1015763.58825131	5.68842638076048
1031291.59884119	5.68464477398459
1047046.33063054	5.68154904686904
1063031.13182273	5.67972621353753
1079248.87230636	5.67871902088317
1095703.85691433	5.67881788641979
1112398.95553524	5.67963970619298
1129337.99468723	5.68141310675618
1146524.32257366	5.68394653613218
1163961.2873979	5.6872585316091
1181653.19399285	5.6913429140909
1199602.91224712	5.6962985491142
1217815.22530837	5.70171143724439
1236293.00306519	5.70793996605173
1255040.55035051	5.71462574796595
1274062.17199721	5.72217660332565
1293361.21620866	5.7300858462556
1312941.98781776	5.73868096884589
1332808.79165742	5.74783838917573
1352965.45424577	5.75726151063524
1373416.75873048	5.76727782531451
1394166.53162968	5.77777610948482
1415219.07777628	5.78857716936104
1436578.70200317	5.79986637782434
1458250.66577279	5.81150161566583
1480238.79560327	5.82350142017362
1502547.87464229	5.83566188117843
1525183.16435228	5.84845878907525
1548148.49125137	5.86128659245228
1571449.11680199	5.87464579808865
1595089.82415182	5.88799882462899
1619075.87476329	5.90185853704453
1643412.05178407	5.91584183138085
1668103.6166766	5.93013408051912
1693155.35258853	5.94480325451577
1718572.99929708	5.9597381296421
1744361.81826468	5.97496342228227
1770527.07095376	5.99055328158873
1797074.49714152	6.00641502112092
1824009.35829041	6.02268458099168
1851337.39417761	6.0395349758901
1879064.34458035	6.0832644385583
1907196.42759057	6.0832644385583
1935738.90467072	6.0832644385583
1964698.47222753	6.0832644385583
1994080.39172344	6.18686934184468
2023891.35956519	6.18686934184468
2054138.0721595	6.18686934184468
2084825.79096882	6.18686934184468
2115961.69071464	6.18686934184468
2147552.4678037	6.18686934184468
