B10K-DU-001-24_Psilopogon_haemacephalus
0	0.337718377862833
261.449038302895	0.337718377862833
526.549599487116	0.337718377862833
795.301683552662	0.337718377862833
1068.07044278767	0.642708840860685
1344.85587719213	0.824465548184015
1625.47541062198	1.00820899071866
1909.92904307723	1.11288214571366
2198.76450299006	1.20860907935532
2491.61663807236	1.46744342610457
2788.66802446817	1.90629904331845
3089.91866217752	2.39923406601654
3395.55112734445	2.84164925048403
3705.3828438249	3.23483952234972
4019.77896390702	3.6173983956739
4338.73948759079	3.99756549997137
4662.26441487621	4.36849369424597
4990.3537457633	4.71363276463917
5323.1900563961	5.01312718484262
5660.77334677463	5.24787532360587
6003.10361689888	5.39872233355672
6350.36344291292	5.47357672167473
6702.73540096082	5.46914500131497
7060.03691489851	5.4034023958179
7422.45056087005	5.2919412288509
7789.97633887544	5.15088598529868
8162.97940120283	4.99402851004336
8541.09459556407	4.83508673668689
8924.6870742473	4.68137492551615
9313.93941339658	4.53921988211481
9708.66903686785	4.41442512020282
10108.8759446611	4.30384497569561
10514.9252890645	4.20603374395279
10926.817070078	4.12449481965503
11344.7338638457	4.05552376943958
11768.4930942235	3.99767784511725
12198.2773373555	3.95030958387364
12634.2691693857	3.91656760624455
13076.4685903142	3.89179254512725
13525.058176285	3.8781928695736
13980.0379272982	3.87304273157045
14441.5904194977	3.8791211952527
14909.5330767396	3.89521315917411
15384.4136274559	3.92292397634028
15866.0494955027	3.96069559696494
16354.44068088	4.006872408372
16849.9523358758	4.06347071028484
17352.5844604903	4.1291305351481
17862.3370547233	4.20202183966446
18379.392694719	4.28256739635656
18903.9339566214	4.36952549571733
19435.7782642864	4.46552146641885
19975.4733461463	4.56681539768389
20522.836626057	4.67356398142642
21077.8681040184	4.78623433693721
21640.9329323188	4.90350493052658
22212.2136871021	5.02503872675689
22791.5277922244	5.15002565799735
23379.0578238297	5.2775137469592
23975.168934206	5.40649188732954
24579.6785472094	5.53793275155557
25192.951815128	5.67218520087976
25814.9887379618	5.80857220797563
26445.9718918548	5.94397471681946
27085.9012768071	6.08381190247427
27734.9594689627	6.22343326719094
28393.3290444656	6.36556465898262
29061.19257946	6.51078258583474
29738.5500739459	6.66039379918093
30425.5841040672	6.81401396036424
31122.4772459682	6.97085074046111
31829.4120757928	7.13302687143839
32546.388593541	7.30075521778301
33273.771951501	7.47223530070971
34011.3795735287	7.65162389061598
34759.7591880564	7.83682782004704
35518.7282189399	8.02797125995359
36288.4692423232	8.22401649596188
37069.3474104947	8.42577063925149
37861.3627234541	8.63236449316747
38664.6977573457	8.84549210425162
39479.5350883135	9.06030489252394
40306.0572925015	9.2796558333995
41144.4469460538	9.50167349326404
41994.7040489704	9.72519303034191
42857.3763296835	9.9502587914012
43732.281212049	10.1759099297995
44619.6012722111	10.4016704568925
45519.7016624578	10.6279276677884
46432.7649589332	10.8502084518104
47358.7911616373	11.0713066553495
48298.1454228583	11.2862051807068
49250.8277425961	11.496110259975
50217.2032731388	11.7019709139915
51197.4545906306	11.9007124335009
52191.7642712155	12.0904574719864
53200.3148910376	12.2692961619681
54223.2890262408	12.4434015735669
55260.8692529695	12.601882140535
56313.2381473674	12.7526788908154
57380.7608617229	12.8886874721567
58463.4373960358	13.0127519906205
59561.8154787385	13.1245531494763
60675.8951098309	13.2199282654243
61805.858865457	13.3065729809571
62951.889321761	13.3718129897489
64114.534207175	13.4257859629897
65293.6109455549	13.4617216274146
66489.667265333	13.4823517439392
67702.8857426534	13.4866918143116
68933.44895366	13.4745289740447
70181.5394744971	13.4468270262321
71447.7050335966	13.4006472583739
72731.7630548147	13.3394930651505
74034.2612665834	13.2608721581944
75355.564821191	13.1678030741881
76695.6737186374	13.0556914879555
78054.9531112108	12.9294510214032
79433.5855750552	12.7886736842644
80832.1188386028	12.6336994684282
82250.5529018536	12.4644455932606
83689.4354932399	12.2820709876349
85148.7666127616	12.0883199577635
86629.0939888508	11.8833344133043
88130.6001976518	11.6679687686562
89653.6503914526	11.4442008896769
91198.4271463973	11.2115784393317
92765.295614774	10.970734098179
94354.6209488709	10.7250293512415
95966.7683009761	10.4751146177847
97601.9202472335	10.2198664463499
99260.4419399315	9.96294196708058
100942.698531358	9.7036493703942
102649.055173801	9.44452529142664
104379.87701955	9.18365099334435
106135.529220891	8.92508568365497
107916.194353969	8.667496002864
109722.420147217	8.41213252983214
111554.571752922	8.15987924347038
113412.831747228	7.91139247594674
115297.747858568	7.66765968196446
117209.68523923	7.42887007440081
119148.826465358	7.19497635003647
121115.901841528	6.96645449751583
123111.093943884	6.74391945869
125134.767924715	6.52723523680345
127187.471512452	6.31750754460771
129269.569859384	6.11381692577731
131381.428117798	5.91696753504064
133523.594016128	5.72681450628853
135696.43270666	5.54346427176446
137900.309341684	5.3665857089332
140135.771649632	5.19714262088834
142403.184782791	5.03370408524553
144703.096469593	4.87704764867231
147036.054438472	4.72677714670689
149402.241265571	4.58313500834827
151802.387255466	4.44555950786706
154236.674984302	4.31409499203137
156706.017332798	4.18866163665861
159210.779453243	4.06881006116525
161751.326497925	3.95482999776962
164328.206195276	3.84617745944958
166941.966273729	3.74281696879063
169593.154461715	3.64452679195223
172282.318487667	3.55117684508125
175009.823503873	3.46240348467919
177776.582391054	3.37816236397795
180582.777725352	3.29853330716012
183429.322387489	3.2228688514113
186316.581529753	3.15137890476721
189245.102880576	3.08363478180278
192215.43416839	3.01987004216341
195228.488273916	2.9593662682057
198284.630349441	2.90244866956247
201384.590699542	2.84872108177193
204528.734476508	2.79807707259062
207717.974561057	2.75061716135958
210952.858681623	2.70592153200739
214234.117142782	2.66391627325386
217562.297672966	2.62461616735501
220938.130576752	2.58780834982394
224362.346158714	2.55346916905097
227835.492147287	2.52140054280522
231358.48142319	2.49148125658719
234931.679138711	2.4637615700674
238556.180750714	2.43809070423428
242232.533987633	2.41434153168592
245961.651730186	2.39246674920299
249743.899130663	2.37231853422514
253580.554222071	2.35396192867892
257471.9821567	2.33718406807741
261419.095815269	2.32200860403026
265422.808078498	2.30827884462348
269483.66667482	2.29603322372278
273602.767061099	2.28525104616971
277780.839541911	2.27568397006283
282018.796997977	2.2674266018408
286317.369733874	2.26040503022343
290677.47063032	2.25457195199139
295099.829991893	2.24985049941331
299585.725851601	2.24620223862349
304135.705937877	2.24360943091467
308750.865707584	2.24203364242117
313432.118041443	2.24136548444832
318180.375820175	2.24167591182509
322996.551924499	2.2428555358568
327881.74181128	2.24488070493382
332836.858361238	2.24778689647061
337862.814455095	2.25144698306526
342960.888125857	2.25592305019314
348131.809678102	2.261040667233
353376.857144837	2.26694765674522
358696.76083064	2.27350802197425
364092.981344663	2.280763153237
369566.61414377	2.28864800860691
375118.389532537	2.29719806549847
380749.585543973	2.30631280457062
386461.480211086	2.31598926937216
392255.168990741	2.32630432763449
398131.929915946	2.33702737616342
404092.675867421	2.3484570165309
410138.684878176	2.36027395200654
416271.234981218	2.37262304869949
422491.786785699	2.38549543725615
428801.253172341	2.39879651123786
435200.912174152	2.41256766096153
441692.406976428	2.4267822783663
448276.65045989	2.44146697151304
454955.285809834	2.45650348235344
461729.408483125	2.47203076409426
468600.661665059	2.48789803772392
475570.140812501	2.50416147581537
482639.489110747	2.52084768642945
489809.984592805	2.53798327762705
497083.087867829	2.55536129782365
504460.442121115	2.57310591796996
511943.142809527	2.5912289638708
519533.198270649	2.60971269681894
527231.886537492	2.62861624583851
535040.668219206	2.64784500449089
542961.369077233	2.66734871310555
550995.449720725	2.68724562973078
559144.370758835	2.70748253824485
567410.140529147	2.7280742209038
575794.03706467	2.74903250351246
584298.068702988	2.77036034252203
592923.878629399	2.792007478262
601673.110029199	2.81405077846374
610547.588663828	2.83657006730986
619549.140294727	2.85938204482551
628679.590683337	2.88277348677778
637940.765591099	2.90659657060633
647334.308203308	2.93086016566477
656862.592009838	2.95568253000139
666527.077619842	3.01955961478664
676329.955947048	3.01955961478664
686273.235329041	3.01955961478664
696358.741527262	3.01955961478664
706588.848031583	3.16254246452603
716965.198027301	3.16254246452603
727490.165004289	3.16254246452603
738165.757300132	3.16254246452603
748994.165828558	3.16254246452603
759977.581503297	3.16254246452603
