APP-040_Pterocles_gutturalis
0	0.346349211201907
285.700204611632	0.346349211201907
576.164915315656	0.346349211201907
871.394132112072	0.346349211201907
1171.72817686462	0.398477622044503
1476.99688864143	0.429634453512385
1787.54058930625	0.463437777201623
2103.1891179272	0.500724254546587
2424.11263543616	0.541293527151152
2750.48130276499	0.586226649658151
3082.2951199137	0.635481788995866
3419.55408688229	0.689045734720595
3762.59852553449	0.747361036696309
4111.42843587032	0.810335221817105
4466.21397882163	0.877856001311526
4826.78499345656	0.949773656817632
5193.48180163885	1.0255465601437
5566.3044033685	1.10620732763899
5945.42295957739	1.1904150992679
6330.8374702655	1.27850674134478
6722.71809636473	1.37051748171951
7121.23499880692	1.46564588680758
7526.55833852396	1.5639712192712
7938.51795458397	1.66638738580078
8357.4541688507	1.7719080066
8783.36698132414	1.88084793057705
9216.42655293618	1.99453260558325
9656.80304461867	2.11039700380004
10104.4964563716	2.23060763799433
10559.8471100588	2.35486507144225
11022.6848447483	2.48455640073234
11493.5201432357	2.61861598340611
11972.0126836573	2.75687648717666
12458.6729488087	2.90018778392208
12953.50093869	3.04772201917047
13456.4966533011	3.20060868585821
13968.1705754376	3.35698511142354
14488.1823832358	3.51703404033763
15017.0425594912	3.6810725232493
15554.9212651359	3.84869323814446
16101.6483392378	4.01801149505514
16657.5641036608	4.18711838486662
17222.8387193367	4.35818702556763
17797.6423471974	4.52708034653928
18381.9749872429	4.69452051870386
18976.1769613369	4.85876596523351
19580.4184304113	5.02022620988295
20194.8695553979	5.17445593834692
20819.5303362969	5.32422934380256
21454.5709340399	5.46629885884013
22100.5018314228	5.59914528243405
22757.1528675135	5.72352381161588
23424.6942032439	5.83872768764765
24103.6363214097	5.94138604564507
24793.9792220109	6.03386575677117
25495.7229050475	6.11283338573217
26209.377853315	6.18264617720864
26935.1142277454	6.23884120297041
27672.9320283386	6.28358277404375
28423.0014160266	6.31524160237226
29185.8328736049	6.33539193249692
29961.4264010735	6.34275014963815
30750.1223202962	6.34076638134245
31551.920631273	6.32427974760409
32367.1616558676	6.30120770768098
33196.1857159437	6.26666900262574
34039.1629724333	6.22225989438553
34896.2635862682	6.16895575405358
35767.6577183803	6.10876236733176
36653.6856906333	6.04037190029372
37554.6878248909	5.96658716874459
38470.8342820851	5.8869237897487
39402.2952231477	5.8018111027263
40349.4109699424	5.71292463228676
41312.3516834012	5.61978439897563
42291.4576853877	5.52577447812088
43287.0692977657	5.42836947323507
44299.356681467	5.32927353155558
45328.8303192874	5.23074123547398
46375.3200502949	5.13105963079043
47439.5065182169	5.0321023987698
48521.5598839855	4.93445520241614
49621.6503085323	4.83815106783871
50740.2882746532	4.7442380235711
51877.8141042117	4.6519300482131
53034.2277972079	4.56239846777285
54210.2099973693	4.47600216597088
55405.9308656278	4.39253638092983
56621.730723847	4.31198570046537
57857.7797329589	4.23516697034634
59114.758536691	4.16200753313238
60392.8372959751	4.0924963801204
61692.186171743	4.02638251288009
63013.4858077224	3.96433966404019
64356.906364845	3.90581079322465
65722.9583259064	3.85081791783964
67111.9820127705	3.79972652682754
68524.147586369	3.75191572933443
69960.1356904295	3.70785009263043
71420.2866468157	3.6665366316974
72904.7706164595	3.628798797526
74414.2682430883	3.59414119847745
75949.1198485659	3.56233925700886
77509.8359156879	3.53346563056057
79096.5866053863	3.50733096943953
80710.0525613884	3.4841642546699
82350.5741055579	3.46343266502241
84018.6617206907	3.44468924715187
85714.6557286502	3.42896661740753
87439.2367731642	3.41543471957687
89192.7451760962	3.40394383529796
90975.6914202419	3.39442571061167
92788.585988397	3.38739555282233
94631.939363357	3.38216421711689
96506.0918669856	3.37889022881976
98411.8943039423	3.37774972718027
100349.516835159	3.37831117103755
102319.810265295	3.38076611182525
104323.114916214	3.38497143640327
106359.941270711	3.39107906487419
108431.140133446	3.39865965781772
110537.051826284	3.40841557049062
112678.186832018	3.41921510821586
114855.395955309	3.43202043164298
117069.189678953	3.44635816653938
119320.078485744	3.46227014597676
121608.743019411	3.4798444395798
123935.86392368	3.49845575301334
126301.951681348	3.51899579122717
128707.857097074	3.54065431367431
131154.090653654	3.56356782827302
133641.503155746	3.58787724642275
136170.605086147	3.61376531259471
138742.077088583	3.64091497614007
141356.769967715	3.66909065081285
144015.534528202	3.69839581842203
146718.711091906	3.72887671552057
149467.320624421	3.76058618388326
152262.043769472	3.79315212934587
155103.73133172	3.82658335887087
157993.234115824	3.86119692310708
160931.062604579	3.89656348263423
163918.237763577	3.93269184441477
166955.610397476	3.96948513186158
170044.031310938	4.0072383782173
173184.181147687	4.04509070290077
176377.080873317	4.08379730294355
179623.581292487	4.12312479384026
182924.533209855	4.1628243789012
186280.957591013	4.20286083027651
189693.70524062	4.24309543830732
193163.797124268	4.28355242214043
196692.084046616	4.32416793129795
200279.586973255	4.36520397291327
203927.326869777	4.40568077241193
207636.324701772	4.44629848331007
211407.601434832	4.48704169342336
215242.178034548	4.52737758152254
219141.075466511	4.5673942172323
223105.484857245	4.60710260925571
227136.42717234	4.64601397117585
231235.09353832	4.68485487739625
235402.504920776	4.72297141095374
239639.852446231	4.76045384321359
243948.327241208	4.79711062274216
248329.12043223	4.83329622977874
252783.423145821	4.86844041350359
257312.596669435	4.90286682978737
261917.832129595	4.93636851501211
266600.320652825	4.96886620651561
271361.423526579	5.00010670412693
276202.331877381	5.03086502054317
281124.577153618	5.06024504733332
286129.520642743	5.0886959395832
291218.523632213	5.11604155804346
296392.777248551	5.14230392012026
301653.983101074	5.16777365557503
307003.502477239	5.19190253099419
312442.866825432	5.21485127344277
317973.607594039	5.23715930937186
323597.086070516	5.25834665932702
329315.003864182	5.27851680511723
335128.892423423	5.29782166684505
341040.283196626	5.31585832597761
347051.047954042	5.33337977780585
353162.547983125	5.35023850570844
359376.825215059	5.36575197009419
365695.41109823	5.38100342734654
372120.007241957	5.39553711715782
378652.485416489	5.4092825838283
385294.547231147	5.42245339619781
392048.064456181	5.43511120300361
398915.079022772	5.44744095045751
405897.29254024	5.45894944866135
412996.9171007	5.47014089621639
420215.484152537	5.48129271244031
427555.375948798	5.49189629525067
435018.294098802	5.50230612488675
442606.620855595	5.51227780814009
450322.39815036	5.52223407920911
458167.667914279	5.53218374505629
466144.642239466	5.5418229654765
474255.363057103	5.55135870408772
482502.382781169	5.56116966027604
490887.913503779	5.57086172247105
499413.997156114	5.580571398591
508083.356313084	5.59012695286777
516898.373227737	5.60009423263988
525861.089831253	5.61004830196828
534974.398859475	5.6201873175085
544240.68256545	5.63028670171762
553662.663524086	5.64097615241202
563242.553827499	5.65158193696299
572983.416372462	5.6625333947908
582887.803572953	5.67360594835252
592958.438003882	5.68493830730703
603198.04224016	5.69654808557924
613609.679178559	5.70844409013164
624196.071393989	5.72059990007682
634960.111622293	5.73312780418623
645904.862760245	5.74574157617969
657033.387704617	5.75876046844664
668348.579191252	5.7719643069254
679853.840438786	5.78540593339076
691552.234343995	5.7991580052831
703446.993964583	5.81305319031552
715541.522519187	5.82735129388081
727839.053065514	5.84181893147359
740342.9888222	5.85647591875941
753056.733007884	5.87130023833211
765984.029163066	5.88629849541354
779128.280506383	5.90159178573761
792493.230578338	5.9169797509082
806082.452758498	5.93257247795615
819899.860748298	5.94799126749537
833949.198088238	5.96394508000447
848234.378479752	5.97974917415163
862759.485785204	5.99576023191677
877528.263545095	6.01189018367521
892544.965782722	6.02790564492158
907813.846521383	6.04420072722628
923338.989623441	6.06069836966772
939124.819273126	6.07732371306493
955175.589493735	6.09384117117193
971495.894630427	6.11079897740227
988090.158867432	6.12820593871844
1004962.80638898	6.14577582884025
1022118.94202302	6.16355488432065
1039562.98995379	6.18192620802696
1057299.71468738	6.20082815122191
1075334.39121267	6.22046547578286
1093671.78403576	6.24076552426946
1112316.82782368	6.26215103088013
1131275.13788717	6.28457796080253
1150551.47873233	6.30821804980477
1170151.4656699	6.3753469194694
1190080.54384972	6.3753469194694
1210344.15842159	6.3753469194694
1230947.92469628	6.3753469194694
1251897.62814546	6.55693547683734
1273198.88407988	6.55693547683734
1294857.8182931	6.55693547683734
1316880.21625679	6.55693547683734
1339272.54408637	6.55693547683734
1362040.58725353	6.55693547683734
