B10K-DU-002-42_Pycnonotus_jocosus
0	0.165668539390143
498.764104785467	0.165668539390143
1006.01265363776	0.165668539390143
1521.44263069735	0.165668539390143
2045.35705182376	1.05153463265865
2577.75591701699	1.52885433764534
3119.24525799611	2.12748558763961
3669.52205890158	2.92204957355681
4228.58631973341	3.81760808408108
4797.34708807018	4.69470815600836
5375.19833219283	5.49949723683217
5962.4430679609	6.26476974192685
6559.38431123391	7.04693160253828
7166.32507787139	7.90281720802284
7783.26536787334	8.85911255069343
8410.20518123976	9.89839559738244
9047.44753383018	10.9792622406849
9695.29544150414	12.0303278854118
10354.0519201212	12.9613036697434
11023.4139538217	13.7194487162707
11703.6845584653	14.2837048878615
12395.1667499115	14.6886846518723
13098.1635440198	14.9538075826617
13812.6749407902	15.1545575773401
14539.0039560823	15.3200408375474
15277.1505898961	15.5384444643721
16027.7208739505	15.7945639848671
16790.4117923861	16.1305388331945
17565.5263610624	16.5492582066127
18353.6706116985	17.045267949175
19154.8445442944	17.5959176807712
19969.04815885	18.2029328137919
20796.5844712249	18.8310697736639
21638.0595131382	19.4911442326894
22493.1702687303	20.1383302085539
23362.2197538607	20.7605671844453
24245.8140002486	21.3422859190249
25143.6499920343	21.8639684083686
26056.6367767965	22.3199520574488
26984.4713386757	22.6974294427471
27927.7597093909	22.974479720936
28886.1988730825	23.1781015429495
29860.6978773292	23.3033213207215
30851.256722131	23.3599125311503
31858.1784233473	23.3397286801625
32881.4629809783	23.26675763197
33921.7164267428	23.1469167404767
34978.9387606411	22.9761182837098
36053.736014392	22.7965653855507
37146.1081879957	22.5824579197796
38256.6613131711	22.3728145243216
39385.3953899183	22.1451179884793
40532.6134340968	21.9208722774186
41698.9214774256	21.6970955542896
42884.3195199048	21.4830112484164
44089.1105773939	21.2826665519505
45313.9006816119	21.0925353704423
46558.9928484184	20.9201852005187
47824.3870778133	20.7569600303531
49110.6894015158	20.6207972008407
50417.8998195259	20.4951779148305
51746.927379422	20.3969915278394
53097.7720812043	20.3095976532525
54470.7369407322	20.2464406117795
55866.4279897248	20.1996344581979
57285.1482440417	20.1706324760986
58727.2007195423	20.1544379175178
60192.8884320862	20.1589830474734
61682.8174133925	20.1646398525265
63197.2906793207	20.1899188810443
64736.6112457303	20.2132408981925
66301.0821284808	20.2451841873204
67891.6123751509	20.2807693703872
69508.2019857405	20.3059036495433
71151.4569919686	20.3331281094815
72821.6804096949	20.3505964624449
74519.4782706384	20.3525129439931
76245.4566065181	20.3447833280812
77999.6154173341	20.3225729860304
79782.5607348054	20.2825005727525
81594.898590651	20.2276637245869
83437.23501659	20.1487579525668
85309.873028482	20.0553772443823
87213.1156421864	19.9401278026404
89147.8719052819	19.8121056772269
91114.444833628	19.6685722102196
93113.4404589438	19.5132098253786
95145.1617970887	19.3484618919285
97210.5178956414	19.1774955259021
99309.8117704614	19.0017987507372
101443.952469127	18.827763698244
103612.939991639	18.6551298195715
105817.683385575	18.4890559819687
108058.485666796	18.3279209925853
110336.558898738	18.1718753907573
112651.903081402	18.0289614510178
115005.427262368	17.8974537609759
117397.737473353	17.7759164069642
119829.439746076	17.6642741193145
122301.140112258	17.5625963777204
124813.747619476	17.4755730614993
127367.56528359	17.3928574862808
129963.19913632	17.3228972248105
132601.861241102	17.2600412620097
135283.854613797	17.2027494646705
138010.088301984	17.1526546055923
140780.865321521	17.1040709298498
143597.700751707	17.0614740877048
146460.594592541	17.0237176642133
149370.758907462	16.9848495656243
152328.799728188	16.9510129548461
155335.626102299	16.9190117659736
158392.147077372	16.8875200948541
161498.665669268	16.859178169844
164656.393941424	16.8310331039657
167865.93792556	16.8082321845193
171128.812700973	16.7841458907416
174445.018267664	16.7653226837532
177815.766689069	16.7470263644413
181242.270028628	16.7341899910506
184725.13431806	16.7222742236
188265.268604942	16.7128191952973
191863.581936854	16.7087488432478
195521.286377234	16.7060275552489
199239.290973661	16.7072376599123
203018.201757852	16.7111690525745
206859.533809107	16.7176769838741
210764.196175003	16.7268425134535
214733.09790312	16.7392735886316
218767.148041036	16.7550165292041
222867.861668048	16.7702557419981
227035.844815875	16.7890499991141
231272.612563816	16.8088517117872
235579.073959448	16.8311025836593
239956.441066211	16.8528034079571
244405.925947541	16.8775844986708
248928.740666878	16.9014913032401
253525.794271799	16.9272393196895
258198.601841602	16.9531668253474
262948.375439726	16.9789959014394
267776.630145469	17.0061219318117
272683.971990548	17.0339138092476
277672.219070122	17.0623657437725
282742.583447628	17.089045946111
287896.580202364	17.1162877759726
293135.421397769	17.1439291140724
298460.31909728	17.1706903760533
303872.788380195	17.1989570313954
309374.647341671	17.2264999399293
314967.108045146	17.2531627723443
320651.382554059	17.2802888027166
326429.288963567	17.3067142461785
332302.645368826	17.3334291883638
338272.360817416	17.3605031089659
344340.556420352	17.3870269819938
350508.444241074	17.41161700355
356778.145390598	17.4380713968843
363150.871932362	17.4624761392577
369628.441961523	17.4852075790104
376212.976589097	17.5094038823031
382905.687878524	17.5309136374435
389708.69694082	17.5519428247033
396623.518855282	17.5709339409512
403652.274732927	17.5877827666467
410796.782668912	17.6030798791854
418058.860758395	17.6156267538528
425440.630112392	17.6262397770486
432943.90882606	17.633280385999
440570.514994556	17.6372754683804
448322.872744758	17.6386824321756
456202.800171821	17.6350521181855
464212.418386763	17.6277278004863
472354.151516459	17.6157425533421
480629.817656068	17.6000517225397
489041.537916605	17.5780961393654
497591.736424948	17.5508253596314
506282.837307971	17.5187489010909
515117.264692553	17.4799850220423
524096.836673848	17.4362996646978
533224.280394594	17.3859789966154
542502.019981667	17.3291851370803
551932.479561942	17.2661670549945
561518.083262297	17.1972374089791
571261.861241325	17.1213482136557
581165.631594186	17.0399064328197
591232.727495332	16.9505844967357
601465.573071642	16.8568390201598
611866.89546585	16.7557865958081
622439.421820692	16.64851573888
633185.879278903	16.5360628548051
644109.29799908	16.4174320679752
655212.708139818	16.293937702594
666498.836843851	16.1648212720065
677970.714269777	16.0312465610803
689631.673592048	15.8933351592793
701484.441953402	15.7510754866544
713532.352528293	15.6050697005501
725778.738491175	15.4554799202515
738226.630000645	15.3032035918008
750879.360231157	15.1483449347383
763740.565373024	14.9912687174554
776813.275584844	14.8325249875264
790101.430072788	14.6717142367131
803608.362011314	14.5099944599086
817337.707590733	14.3481936234616
831293.103001362	14.1861553980615
845478.184433514	14.0236829245765
859896.588077503	13.8620094675678
874552.859171224	13.7011002871885
889450.02787327	13.541256462111
904592.639421535	13.3830280399094
919984.330006333	13.2263050110689
935629.644865557	13.0713363444916
951532.523205382	12.9190889659132
967697.207247839	12.7689722979382
984127.939214964	12.6217795670685
1000829.26434465	12.4773081241976
1017805.42485893	12.335945897615
1035061.26901155	12.1979997559671
1052601.03902455	12.0631165108117
1070429.88616755	11.9318809495697
1088552.05266256	11.8041714827774
1106972.38676336	11.6800575901283
1125696.3427554	11.5599040400139
1144728.16286073	11.4436934625107
1164073.60438067	11.3309742396103
1183737.51556897	11.222394848453
1203725.04769525	11.1178568594729
1224041.95806084	11.0173834325677
1244693.09491949	10.9206966489632
1265684.21557253	10.8282307567443
1287021.0773213	10.7395225579537
1308709.13445126	10.6552378996549
1330754.14426375	10.5745024957037
1353162.16707595	10.4981327324997
1375939.26320506	10.4257175218558
1399091.18995241	10.3570368447424
1422624.31065104	10.292507579321
1446544.98863401	10.2316954775066
1470859.28421852	10.1747973984311
1495574.16676932	10.121645432835
1520695.69660361	10.0724653897225
1546230.84308615	10.0269793503191
1572186.57558173	9.9851004650079
1598569.56043924	9.94678820396765
1625386.76702345	9.91242470551309
1652645.77073086	9.8813325426317
1680353.23791037	9.85372015440427
1708517.04697434	9.82979597991155
1737144.47030338	9.80918367081328
1766243.38630985	9.79203376644556
1795821.06737438	9.77836363673179
1825885.99794104	9.76792431276994
1856445.7534063	9.76087791384505
1887508.51519838	9.75728233970178
1919083.07077721	9.76361078179291
1951176.99553927	9.76361078179291
1983799.68297621	9.76361078179291
2016959.31451624	9.76361078179291
2050664.98063513	9.83407477104178
2084925.46879283	9.83407477104178
2119749.86946511	9.83407477104178
2155147.87915948	9.83407477104178
2191128.58835173	9.83407477104178
2227701.69354935	9.83407477104178
