B10K-DU-001-31_Quiscalus_mexicanus
0	0.148826508413158
214.732248504455	0.148826508413158
432.890346538336	0.148826508413158
654.474294101645	0.148826508413158
879.621125175556	0.236663342426614
1108.19380577889	0.267600194798467
1340.32936989284	0.289955638331019
1576.16485149856	0.304954686500962
1815.56321661488	0.315678816507398
2058.93556718535	0.324247596341784
2305.87080126641	0.332650094278132
2556.91705478279	0.342191307490923
2811.80025977212	0.353275364137418
3070.65745021559	0.366251666686912
3333.48862611319	0.381195989168893
3600.56785542728	0.397973622197607
3871.75810417669	0.416887661890999
4147.33344032376	0.437491883408761
4427.01979590614	0.460203043913067
4711.22827286737	0.484848547003421
4999.95887120743	0.51132946547466
5293.07455694517	0.539871016581091
5590.84939804292	0.570172209038922
5893.2833945007	0.602331970053314
6200.37654631849	0.636301888438763
6512.40292145866	0.671932520970449
6829.22548594003	0.709383835043954
7151.11830772494	0.748502177766154
7477.94435283223	0.789291758805352
7809.97768922425	0.832179859494484
8147.218316901	0.877010722106274
8489.66623586248	0.923832757826227
8837.59551407103	0.972913280591696
9190.8691175455	1.02462063637935
9549.76111424822	1.07907269590172
9914.2715041792	1.1361284352706
10284.4002873384	1.19715178701674
10660.4215316883	1.26093457633667
11042.3352372288	1.32853553480903
11430.1414039599	1.40021776670288
11824.1140998439	1.47628436813616
12224.2533248809	1.55665956507939
12630.6961130521	1.64191587242202
13043.4424643574	1.73182807290973
13462.629412778	1.8271581165057
13888.5310262763	1.92767868112147
14321.0102708711	2.03426116809613
14760.2041805436	2.14618572414956
15206.3868232561	2.26465631441692
15659.5581990087	2.38853001395347
16119.7183078012	2.51898552988456
16587.2782515774	2.65585868514628
17061.9639623747	2.79915368940696
17544.1865421368	2.94867689792456
18034.0830248448	3.10413784358605
18531.5163765175	3.26572596146516
19036.7606651173	3.43318867146359
19549.9529246254	3.60729634288113
20071.230189023	3.78713758252978
20600.59245831	3.97139265939599
21138.3138004488	4.16098559567267
21684.3942154393	4.35475452290769
22239.1077712441	4.5524237078271
22802.454467863	4.75323120046772
23374.7083732584	4.95701703343398
23955.8694874303	5.16312449847032
24546.0748443599	5.36988867176221
25145.5985120096	5.57685069946443
25754.5775243604	5.78524190955612
26373.0118814125	5.98988651485655
27001.1756511281	6.19450586214716
27639.2058674885	6.39441459060471
28287.2395644749	6.59177857457202
28945.4137760683	6.78284699958952
29614.0025702312	6.96871858908477
30292.8689129823	7.14832829697666
30982.5609402465	7.31909138692604
31682.9416180424	7.48539222847236
32394.4220483138	7.64139622134517
33116.8651970792	7.7890524419696
33850.8192002636	7.92763682739722
34596.1470238856	8.0547056651771
35353.2597698889	8.17433601906244
36122.1574382734	8.28304438853101
36903.1140970014	8.3815169495165
37696.4038140354	8.46990104040958
38502.0265893754	8.54816087902965
39320.3935249648	8.61666060168509
40151.5046208037	8.67486979016948
40995.6339448544	8.72323677415729
41853.0555650792	8.76113641790525
42723.7694814783	8.78903809942936
43608.3238299762	8.81006960228005
44506.5815765918	8.81855839841665
45418.9538232687	8.8192635178577
46345.7146379692	8.81089048759948
47287.0010546744	8.79424756395652
48242.9501073656	8.76912426351358
49213.8358640051	8.73735389681738
50200.0694265364	8.69505304485676
51201.7878289407	8.64688391527928
52219.1281051992	8.59161938977408
53252.3643232742	8.52970779801564
54301.9075851094	8.46040613354814
55367.7578907045	8.38700425215178
56450.4633759845	8.3082939790231
57550.1610749304	8.2246457649729
58666.9880215235	8.13675420527148
59801.3553177072	8.04419412342006
60953.3999974627	7.94928925632287
62123.6701967148	7.85053043789265
63312.1659154635	7.75066868636658
64519.4352896334	7.64808748911562
65745.4783192246	7.54299311988671
66990.8431401617	7.43694526078676
68255.666786426	7.32901357512042
69540.2233259798	7.22010314157322
70845.0608947477	7.11129794973363
72170.3165267111	7.00122143806601
73516.4013238134	6.89082709644137
74883.4523200357	6.78012755386463
76272.0176513029	6.66919437469698
77682.3713855772	6.55812859097773
79114.787590821	6.44749850792802
80569.5403349967	6.33696524724933
82047.3147880101	6.2270213401333
83548.1109498613	6.11746682733547
85072.4769564749	6.00894368327231
86620.6868758134	5.90098042509368
88193.2888438013	5.7943326882603
89790.41989442	5.68884471504489
91412.628163594	5.58463437615997
93060.1877192858	5.48175218762522
94733.6466974201	5.38075593049101
96433.4161999404	5.28081419526715
98159.770294809	5.18320461628414
99913.1200839695	5.08764304093141
101694.013703347	4.99311283431334
103502.725220903	4.90178618527522
105339.939806543	4.81215182289562
107205.79449425	4.72481383457628
109100.974453929	4.63975117197568
111025.890787523	4.55687964172771
112980.954596976	4.47675071038032
114966.714018213	4.39875397602929
116983.443119196	4.32311676076309
119031.964103812	4.24988326609893
121112.414006042	4.17897140350486
123225.615029773	4.11070742227449
125371.841242969	4.04487031482183
127551.777815533	3.9812117107169
129765.972883392	3.91982422266239
132014.700514508	3.86098358393228
134298.782912767	3.80433618238897
136618.631180114	3.74981887300787
138974.793452472	3.69744217995976
141367.954899748	3.64736396580606
143798.663657867	3.59963895623473
146267.330828772	3.55384618441529
148774.77861635	3.51005931954309
151321.555156525	3.46847411119429
153908.208585223	3.42871800372391
156535.42407235	3.39119512528923
159203.886787811	3.35531191265925
161914.00783355	3.32144513114727
164666.746447434	3.28953374056286
167462.513731409	3.25955248289619
170302.268923341	3.23133507624923
173186.423125175	3.20492993180748
176115.798540797	3.18018339667781
179091.080340113	3.15725543825581
182113.090727011	3.13613763720486
185182.377837415	3.11657951826084
188299.763875212	3.09867158929229
191466.071044289	3.08251277750438
194681.984514552	3.06793048649661
197948.326489889	3.0548931437567
201265.782140204	3.04347020881167
204635.310703367	3.03358169796373
208057.597349283	3.02521919187628
211533.60131582	3.01823114249034
215064.007772885	3.01273331568429
218649.912992326	3.00867730027263
222291.865110069	3.00606309625536
225990.960397962	3.00489280846663
229748.021059894	3.00498331633518
233564.006333731	3.00644828090525
237439.738423362	3.00907511392743
241376.313600636	3.01312060516833
245374.417035458	3.01838269054931
249435.41906764	3.02487399907529
253559.867833107	3.03259453074626
257749.133671671	3.04146009219613
262003.901753238	3.05133807887331
266325.542417619	3.06260946575936
270714.74083472	3.0747880361651
275172.867344353	3.08811584601805
279700.881184387	3.1024645004349
284299.741592689	3.11774559638126
288970.818909072	3.13426012514093
293715.072371403	3.15147766850749
298533.598251531	3.16980656430652
303427.76688927	3.18885110371736
308398.674556468	3.20885123783338
313447.417524975	3.22968067660545
318575.22910062	3.25128890401391
323783.479623217	3.27370538773688
329073.402398595	3.2968754020864
334446.230732585	3.32062845549614
339903.334964999	3.34505505583465
345445.948401668	3.37005206622845
351075.304348421	3.39575209122915
356793.047213034	3.42198884893872
362600.273267356	3.44872655717655
368498.62691916	3.47575894219571
374489.478508259	3.50338910011416
380574.198374464	3.53125710429183
386754.293891568	3.55953344629506
393031.135399384	3.58805184422581
399406.504339665	3.61686070926959
405881.771052225	3.64579796919668
412458.442910855	3.67482784182646
419138.301357312	3.70398400450539
425922.853765389	3.73315700585754
432813.744542859	3.76238052322934
439812.618097496	3.7914693312154
446921.255871056	3.82046973616705
454141.165237332	3.84932911723049
461474.401706041	3.87784541032709
468922.609684958	3.90630697773573
476487.433581856	3.93442756201169
484170.928906454	3.96205982476429
491974.740066525	3.98934268504759
499900.922571788	4.01628666703235
507951.394897978	4.04271706948393
516128.075520832	4.06868019875369
524432.882916086	4.09395925692391
532867.735559478	4.11878788058552
541434.963028687	4.1429724249965
550136.483799449	4.16665812371337
558974.216347501	4.1896597513307
567950.627284505	4.21209938822935
577067.772120177	4.23375392198915
586327.706364236	4.25512851280669
595732.896628342	4.27561065394362
605285.398422214	4.29587810199699
614987.678357512	4.3154193822678
624842.066011917	4.33470176793786
634850.890963108	4.35343268705999
645016.619822747	4.37184577622511
655341.582168514	4.39008626898974
665828.518680032	4.40805734298286
676479.758934982	4.42612313451284
687297.906579005	4.44433205476518
698285.702291725	4.46275777293522
709445.749718785	4.51085744298567
720780.652505827	4.51085744298567
732293.288366455	4.51085744298567
743986.397980294	4.51085744298567
755862.722026966	4.62971111306877
767925.138220077	4.62971111306877
780176.661307212	4.62971111306877
792620.306035958	4.62971111306877
805258.950119918	4.62971111306877
818095.74534066	4.62971111306877
