B10K-DU-002-26_Rhadina_sibilatrix
0	2.95442924748866
792.626248491653	2.95442924748866
1596.70964380776	2.95442924748866
2413.81252415165	2.95442924748866
3242.8933307211	19.4027298276085
4084.47284291723	31.8747405407077
4939.07184014115	46.1601766859519
5806.69032239286	60.1717067187031
6687.32828967235	72.0107518116117
7581.50652138073	79.9428581569834
8489.22501751802	83.6132398185421
9411.00455748532	83.4148864733631
10346.8451412826	80.0218695355872
11296.7467689099	74.9676259394949
12260.7094403673	69.0185561190043
13239.7747144568	63.0895422685794
14233.9425911786	57.6500213010465
15242.6922911315	53.1468298933898
16267.0653731178	49.7663355137323
17307.0618371374	47.4829762418514
18362.6816831903	46.3442582902913
19434.4456906777	46.343085542785
20522.8746390007	47.5407986570359
21627.4477487581	49.918852320783
22749.2065787522	53.4933270888163
23887.6303495819	58.2567491804177
25043.2398406482	64.0743718948186
26217.0766107535	70.7236514848876
27408.0991010954	77.8671944561794
28617.8696498773	85.1837673773444
29845.8674776982	92.2332321461377
31092.0925845579	98.5920082649378
32357.5865292588	104.072495886886
33642.3493118008	108.446605560542
34946.901711585	111.652400315911
36271.2437286114	113.9023462224
37615.3753628801	115.269531289852
38980.3381731933	115.928555757175
40365.6113801498	116.031837046036
41772.2365425519	115.90569711934
43200.2136603995	115.545743143205
44650.0635130938	114.980260197319
46121.7861006348	114.32187179644
47615.9022024236	113.464633123473
49132.9325978613	112.451478663395
50672.877286948	111.187535130652
52236.7778284857	109.749050990231
53823.5926636723	108.16325783677
55435.4049101123	106.412882490897
57071.1730090034	104.453459932753
58731.9385191479	102.452474407902
60418.2222199468	100.298117361716
62130.0241114002	98.1655455912414
63867.8649729092	95.9840762128757
65631.7448044737	93.8252667015813
67423.2259442972	91.6966902234582
69241.2668335773	89.6403867950467
71087.4298105175	87.6289658050974
72961.1940957165	85.6523694529628
74864.1220273778	83.760986127262
76795.6928261002	81.8887046719608
78756.4272712849	80.038884312967
80747.3669217341	78.2320779472559
82768.5117774477	76.4504160831633
84820.3826178268	74.6866435878112
86903.5002222727	72.9686479993584
89017.8645907853	71.2929508294385
91165.0380615678	69.6586576096147
93344.4998552193	68.0547564395733
95557.291530542	66.5165490069621
97803.9338669368	65.0133649829295
100084.426864404	63.5554410618103
102399.812081746	62.1523182402661
104750.089518962	60.7869022326115
107136.821514255	59.4547604508142
109559.487288226	58.1835419081164
112018.607620274	56.9421389799861
114515.744848604	55.7232567793923
117050.378193813	54.5631510936492
119624.069994106	53.4347493447295
122236.820249482	52.3539929478885
124889.149739343	51.306570408134
127581.579243089	50.3145651573222
130315.671098925	49.3751546506073
133090.904527448	48.4944411504376
135908.321087461	47.6625656269293
138768.962337766	46.8910170302292
141672.828278363	46.188819553013
144620.960468055	45.5476645773546
147613.879686243	44.970136123183
150652.627491728	44.4613823532805
153737.203884512	44.0122399354364
156868.650423395	43.6324486370762
160048.00866718	43.3119705346289
163275.799395269	43.0485197643109
166552.543387063	42.8495502297641
169879.282201363	42.7041891702096
173257.057396972	42.6145038015907
176685.348194488	42.5730600973419
180166.237711518	42.5788045724153
183700.24672746	42.6291532068815
187287.896021717	42.7243644027336
190930.22715309	42.8602043427029
194627.760900982	43.0274301862735
198381.538824193	43.2366562922315
202192.602481527	43.4696951356907
206061.472652384	43.7372008295898
209989.711674968	44.0218604404035
213977.319549278	44.3393569813941
218025.337834118	44.6784797814843
222135.32886769	45.0372610101126
226307.813429395	45.4110693084829
230543.833078035	45.7949354075006
234844.429372414	46.1996326825628
239210.123091931	46.609319103796
243642.476574791	47.0259028705324
248142.010600394	47.4498411555288
252710.287506944	47.876820633211
257347.828073841	48.2971015361538
262056.19463929	48.7205826483935
266835.907982691	49.1330518603196
271688.530442248	49.5435731187606
276615.103576762	49.9373380018148
281616.668945037	50.321124592527
286694.268105874	50.6838216052018
291848.942618075	51.027357116248
297082.254819844	51.3498229263332
302395.246269983	51.646369028821
307788.958527295	51.9198775997864
313264.433150581	52.1613642007064
318823.753257446	52.3750228946968
324467.439627291	52.5507362498809
330197.054598319	52.6938114456519
336013.639729333	52.8046659006137
341918.757358536	52.8770582127835
347913.969824131	52.9124195316605
354000.318684921	52.9083049768502
360179.366279108	52.8644163922069
366452.154165496	52.7852459969921
372820.765461688	52.6671165320759
379285.720947086	52.5092726685558
385849.624518695	52.3128672768618
392512.996955916	52.0814384765893
399277.921376354	51.809460440505
406145.960118212	51.5029559227516
413118.154740292	51.1659599698339
420196.588360199	50.79217154854
427382.823316136	50.3884482502203
434678.421946307	49.9545515499584
442084.946588914	49.4922306304755
449604.480361563	49.0032147974166
457238.064823055	48.4882395026075
464987.783090994	47.9503856928871
472855.197503585	47.3922572652608
480842.911957833	46.8133175386665
488951.96801254	46.2167269682482
497184.44878531	45.6053478530044
505541.916614346	44.9797367510738
514026.454617255	44.3400129249146
522640.666691039	43.6906089625591
531385.594394503	43.0346256879224
540263.841624651	42.3693200644644
549276.970719688	41.7019671021393
558427.064797216	41.0284721232133
567716.727754242	40.3507830811716
577147.52192897	39.6748034676983
586721.530439003	38.9975914754897
596441.877960749	38.3238182174944
606309.606053009	37.6533048000252
616327.83939219	36.9862499938458
626498.140316496	36.3249595398162
636823.633502333	35.6709639728173
647305.881287904	35.0236868576344
657948.008349617	34.3846189749956
668751.577025675	33.7547939328728
679720.232771884	33.1353844787722
690855.017147048	32.5265893834576
702159.575606975	31.9294621319771
713635.991269269	31.3441418638653
725287.388810335	30.7704496854348
737115.85134778	30.2110491249203
749124.50355801	29.6632368999343
761315.428558628	29.1296566616353
773692.271805443	28.609254924975
786257.116416059	28.1032044374598
799013.607846285	27.610411959889
811963.829213724	27.1323285188381
825110.905194783	26.6688348518489
838458.481245269	26.219175630019
852009.16126219	25.7837285177996
865765.549142549	25.3624338839615
879731.811121557	24.9551525889701
893910.030316816	24.5623616826586
908304.372963537	24.1830076799787
922917.442958725	23.8174086141526
937753.406537588	23.4662800599299
952814.867597133	23.1275548013673
968105.471593167	22.8026242338113
983628.343202097	22.4901963472971
999387.648659131	22.191006593651
1015387.03342008	21.9042996439703
1031629.62216134	21.6302941460955
1048119.58111814	21.367976369131
1064860.03496686	21.1179426253684
1081855.67072214	20.8792388151414
1099109.61306036	20.65186493845
1116626.54899615	20.4361390285163
1134409.6032059	20.2308684607576
1152463.46270423	20.0364110225487
1170791.77294695	19.8525679431258
1189398.70016926	19.6786634018921
1208289.45216518	19.5153930965207
1227467.15361111	19.3610674755196
1246937.01230106	19.2166008844021
1266702.67369084	19.0813373796478
1286769.86635387	18.9553763466385
1307141.71496655	18.8381612272356
1327823.94810229	18.729155340377
1348820.2112169	18.6291537691178
1370136.7536632	18.5370433971808
1391777.22089698	18.4531621348643
1413747.34149167	18.3770130552591
1436051.28168247	18.3085762812886
1458694.7700428	18.2476331651127
1481683.01436666	18.1941837067315
1505020.70166867	18.1471942981732
1528713.56052224	18.1074798995693
1552767.31950077	18.0745833381632
1577186.66561889	18.0479281787399
1601977.8482294	18.0283492585073
1627146.07512632	18.0145744445771
1652697.07488305	18.0070211555534
1678637.09685241	18.0053316040612
1704971.86960781	18.0095256671771
1731707.64250208	18.0194443282898
1758849.6233292	18.0346701687956
1786405.10300081	18.055759746833
1814379.81009032	18.081977610576
1842779.99395053	18.1130454809553
1871612.42471367	18.1491024975055
1900883.35173254	18.1903076768377
1930599.54513936	18.2364622481881
1960768.29584575	18.2868506368071
1991395.85320451	18.3425462048191
2022490.02890667	18.4021376798012
2054056.55152564	18.4659828491283
2086103.75353184	18.5342606064878
2118638.40505748	18.6066529186576
2151668.31779357	18.6831399085613
2185200.78265174	18.7635029283587
2219243.61132299	18.8193376359054
2253804.09471895	18.7768006924558
2288890.56531004	18.8509620644233
2324511.35556666	18.9266539712718
2360673.75640044	19.0048106355913
2397386.10028179	19.2042174658184
2434657.76123994	19.2042174658184
2472496.03018649	19.2042174658184
2510910.28115068	19.2042174658184
2549908.84660291	19.6209006179367
2589501.10057241	19.6209006179367
2629695.37552959	19.6209006179367
2670501.56628308	19.6209006179367
2711929.0468621	19.6209006179367
2753986.14973706	19.6209006179367
