OUT-0031_Rhea_americana
0	0.477859468854203
1283.34153234301	0.477859468854203
2584.20973204731	0.477859468854203
3901.63089537061	0.477859468854203
5237.55242979748	6.30152659567247
6590.02692784334	5.87839636025471
7960.02809325049	4.58506831245614
9348.52962976121	3.33129003419502
10755.5315373755	2.50062913103205
12181.0338160934	2.0830159727219
13626.0101696572	1.97952040736933
15088.5131905822	2.10937534112487
16571.4639900954	2.41958768369782
18073.8888644545	2.87469296040973
19595.7878136595	3.44740585984655
21137.1608377103	4.11373331241139
22699.9553440916	4.85369038144873
24283.197629061	5.63213410027008
25886.8876926186	6.41273406601072
27511.0255347644	7.15886408845516
29157.558562983	7.83170314950985
30825.513073532	8.41195219623118
32515.8627701537	8.89873672688649
34228.6076528482	9.30231070296868
35962.7740178732	9.61803154910283
37721.2829764555	9.85361974382102
39502.1871211106	9.98200860114237
41306.4601555807	10.0140436572613
43134.1020798659	9.97126594750473
44987.0603014506	9.91005511299082
46863.3874128505	9.89155339986231
48765.03082155	9.94329475237879
50691.9905275491	10.0558439827284
52643.2928271055	10.2021729858892
54620.8851277039	10.3326409282122
56624.7674293442	10.3854282533894
58654.9397320264	10.3601277179667
60712.3757394929	10.2563063578509
62796.1017480013	10.0911841409841
64908.0651650362	9.88672220646661
67047.2922868553	9.65700689103157
69214.7568172009	9.41899238268254
71410.4587560731	9.17654106407215
73635.371807214	8.94457090593423
75890.4696743661	8.71831501647109
78174.778653787	8.49985676745762
80488.2987454767	8.28806445076917
82832.9773569198	8.08481567306709
85208.8144881162	7.89831960502817
87615.8101390661	7.73136264923202
90054.9380135117	7.58616964096911
92525.2244077106	7.46272343314663
95029.5904328898	7.36207428519845
97565.1149778225	7.27920238570808
100135.692857478	7.21569812753251
102739.376664371	7.1564977896491
105377.140102244	7.10751711907302
108049.95687484	7.056645981516
110758.800685901	7.00540618146385
113501.724127942	6.94990104207831
116282.622015933	6.88986049664783
119098.573238646	6.82759940270007
121952.498907309	6.75827799329293
124844.399021921	6.68469553132562
127773.29987874	6.60831809323231
130742.122588994	6.52318706426588
133748.919745196	6.43564686876139
136795.638754833	6.34769085625656
139883.253321646	6.25629256487264
143010.789741893	6.16310240229137
146180.195423059	6.07328593021801
149390.496661401	5.98372237776342
152643.640864404	5.89838129691021
155939.628032068	5.81541508840946
159279.431868136	5.73518812798311
162663.052372606	5.66061113463354
166090.48954548	5.58980221492623
169563.690794241	5.52335294356268
173082.65611889	5.46036309817102
176648.359223169	5.40287746956737
180260.800107079	5.34854690603846
183920.952474361	5.2987303146885
187629.790028757	5.25330337909469
191386.339066526	5.21272049721619
195193.520698894	5.17455964219533
199050.361222119	5.14197159233366
202957.834339944	5.11265863719632
206917.887459852	5.08630784233975
210928.573174359	5.06301780354753
214993.786298435	5.04169539365382
219111.579424595	5.02245635553502
223283.899960323	5.00527496855191
227510.74790562	4.98992403372494
231794.07066797	4.97542187999145
236133.868247372	4.96211144920738
240530.140643828	4.94864240781494
244984.835264822	4.93626220681514
249497.952110353	4.92401489578451
254071.438587906	4.91277926322895
258704.320993739	4.90090061469347
263398.546735336	4.88955781280792
268154.115812699	4.87842077603594
272972.97563331	4.86652926718086
277856.099900912	4.8552207594809
282802.514911764	4.84361217765699
287814.168073349	4.83135629307997
292892.033089411	4.81933189425572
298037.08366369	4.80683166360633
303250.293499931	4.79457149225611
308531.662598131	4.7822555928543
313883.138365777	4.76931811133858
319304.720802868	4.75655638752403
324797.383613146	4.7430016106676
330363.074204097	4.73013271752307
336001.792575719	4.7161664104395
341715.486135498	4.70292456802662
347504.154883434	4.68855530426231
353368.772523269	4.67452040880755
359311.286462487	4.66007398312565
365331.696701088	4.64537463782498
371431.950646558	4.63104395501946
377612.048298896	4.61608311655363
383873.937065586	4.60092508652063
390217.616946629	4.58538982044609
396646.009053252	4.57011176076351
403159.113385454	4.55447361213218
409757.903646978	4.53839392586132
416443.353541566	4.52187270195091
423216.43677296	4.50518429388574
430080.074452388	4.4882429662018
437033.292876107	4.47054287966157
444079.013155344	4.45290280794613
451216.261586356	4.4345554186528
458448.932984113	4.41616944840067
465776.053644873	4.39720905053982
473200.544679862	4.37762278379186
480722.40608908	4.357436368796
488343.585280013	4.33696702676897
496065.055956401	4.31580322748364
503888.765525731	4.29442508953835
511815.687691743	4.27252825203593
519846.796158181	4.25002697951239
527983.064628787	4.22709702966892
536227.414214787	4.20340403419596
544580.818619924	4.1797281858158
553043.277844198	4.15519498279577
561617.712998836	4.13006591830101
570306.071491322	4.10453389712552
579108.353321656	4.0785131838053
588026.505897324	4.05207665348474
597061.502922066	4.02555010092699
606217.239210853	3.99829908369855
615492.741059943	3.97076942621215
624889.955876819	3.94268248820983
634411.804772708	3.91450124119712
644059.261451353	3.88610994229764
653834.273320239	3.85728567930503
663736.840379366	3.82826422474524
673770.857443702	3.79901985797909
683937.298216989	3.76954400546017
694237.136402972	3.74027820482802
704673.293112875	3.71051942527794
715246.742050441	3.68076493250106
725960.404326898	3.65105759422938
736814.279942245	3.6213245353185
747811.29000771	3.5916943589644
758954.355634518	3.56195701328032
770243.476822671	3.53233541047262
781681.574683394	3.50308247016007
793269.62292043	3.47370092665154
805011.51634875	3.44461945726696
816908.228672093	3.41585520909914
828960.733594204	3.38713382866331
841172.925930051	3.35863536043385
853545.779383376	3.33061272402951
866082.215065406	3.30283443369755
878784.180383627	3.27526619525235
891652.64904178	3.2480880531683
904691.515854834	3.22139002968258
917901.754526531	3.19493206549602
931286.2861681	3.16893707281499
944848.031890766	3.14332788972191
958587.965398271	3.11816453104157
972509.007801843	3.09338698194917
986613.106508967	3.06911955886749
1000903.18263087	3.04520793796136
1015382.15727877	3.02180644306596
1030051.97786017	2.99889792708849
1044915.56548628	2.97646095616295
1059974.8675646	2.95452553770173
1075231.8315026	2.93303594365325
1090690.35211525	2.91213363753309
1106353.35051378	2.89173288387725
1122222.77410569	2.87182939591254
1138300.57029844	2.85244889427816
1154590.63390701	2.83347992287091
1171095.88604263	2.81509395261878
1187818.27411278	2.79719238773818
1204761.69293243	2.7798352430539
1221928.08990907	2.76291963600916
1239320.38615392	2.74662989785152
1256942.47648195	2.73075597669423
1274796.30830065	2.71538789477446
1292886.75012872	2.70056423305101
1311214.77566991	2.68626355765789
1329784.27973919	2.67238727281151
1348599.15715153	2.65905540816144
1367661.35531442	2.64614793405812
1386975.74274655	2.63375487273872
1406544.26685543	2.62186765065684
1426370.82245601	2.6104476868537
1446458.33065953	2.5994392532777
1466811.65998469	2.58889379120723
1487432.75783899	2.57884559482789
1508325.51903738	2.5691660609437
1529493.83839485	2.55987662342064
1550941.61072635	2.55113589286711
1572671.75714311	2.54276811158193
1594688.17246012	2.53478613988469
1616994.75149232	2.52719855132179
1639596.36275844	2.52002677975923
1662494.95366596	2.51317222941343
1685695.39273359	2.50680208443915
1709202.54848004	2.50075773422803
1733019.34201655	2.49505203909966
1757149.66815807	2.48966785196124
1781598.39542332	2.48463089345197
1806369.41862727	2.47997545775745
1831466.63258489	2.47564153005288
1856894.90581489	2.47156052196707
1882659.10683598	2.46779244832482
1908762.15675938	2.46436302976532
1935209.89780756	2.46129798692776
1962005.25109174	2.45835726051299
1989155.03253812	2.45578519659336
2016662.16325791	2.45335030941611
2044532.48547358	2.45129265828041
2072769.8940001	2.44939790452629
2101379.25735617	2.44778607780332
2130366.41776425	2.44635429555473
2159735.27003931	2.44507683714132
2189490.68270006	2.44412517349105
2219639.4716727	2.44334498076877
2250185.53177219	2.44274911929405
2281133.73151725	2.44228186101532
2312489.91313034	2.44198178689137
2344259.91883389	2.44185747046858
2376448.61714664	2.44191319852017
2409061.85029102	2.44203322816976
2442104.48678575	2.44228186101532
2475583.34255704	2.44269767801566
2509503.28612358	2.4431092082428
2543871.13341157	2.44376079776911
2578690.77923599	2.44436094601702
2613970.01322678	2.44500824877013
2649714.67760638	2.44679154642107
2685930.61459725	2.44679154642107
2722623.66642184	2.44679154642107
2759800.64900635	2.44679154642107
2797467.40457324	2.44963367705225
2835630.7490487	2.44963367705225
2874297.49835892	2.44963367705225
2913473.49472636	2.44963367705225
2953166.52778096	2.44963367705225
2993382.43974517	2.44963367705225
