B10K-DU-029-58_Rhynochetos_jubatus
0	0.0847548297542002
956.821308848305	0.0847548297542002
1926.70267866509	0.0847548297542002
2910.33148108026	0.0847548297542002
3907.70771609383	0.219741606438012
4918.8313837058	0.29911395766831
5944.38985554608	0.404689172443178
6983.69575998475	0.54191299939511
8037.43646865175	0.718427563783483
9106.29935317697	0.94422954276604
10189.5970419305	1.2293653257287
11288.0169065423	1.57768083141525
12402.2463186422	1.98279933673816
13531.5979066004	2.42870898492988
14676.7590420467	2.89275003852705
15837.7297249812	3.35067196876455
17014.5099554038	3.7840676933352
18208.4744765744	4.1789680761203
19418.9359168631	4.53131479158294
20645.8942762699	4.84171794434168
21890.0369264247	5.11744003900435
23151.3638673274	5.36333479675875
24430.5624706081	5.59376001296209
25726.9453646368	5.81014830364466
27041.8872926733	6.01648568564783
28375.3882547176	6.21647797961779
29726.7608791398	6.41214530973605
31097.3799091998	6.59310685889984
32487.2453448976	6.76874919964832
33895.6698146032	6.9265312925996
35324.7154332064	7.07507594969626
36773.0074574473	7.21411653262352
38241.2332589559	7.35157536283594
39730.767580992	7.48912457891778
41240.2356802958	7.62459492000298
42771.0123001271	7.75866428011219
44323.0974404859	7.88695346387206
45896.4911013723	8.00773610117667
47492.5680260459	8.12011285262532
49109.9534712471	8.21935201795392
50750.7095518656	8.30405713547994
52413.4615246415	8.37885596171763
54100.2715044646	8.44658661296676
55809.764748075	8.50708639466237
57543.3159987327	8.56672299130503
59300.9252564375	8.62389657300602
61083.2798928194	8.68179776095584
62890.3799078785	8.74143887689197
64722.2253016146	8.80342550613952
66580.1908172877	8.86631599408126
68463.5890832679	8.92676606354869
70373.107471185	8.99062819958669
72309.4333526689	9.05551169594912
74272.5667277197	9.12245147084084
76263.1949679674	9.19237397942338
78281.3180734118	9.26649491164043
80327.6234156829	9.34745805417251
82402.7983664107	9.43563850837769
84506.842925595	9.53278524082923
86639.7570932361	9.63681485723703
88802.2282409636	9.74801659238324
90994.9437404076	9.86751123104863
93218.5909631981	9.99033658900211
95472.482537705	10.1197827118905
97757.9932071882	10.2467161076091
100075.810343278	10.3804239242407
102425.246574343	10.5147418454908
104807.676643645	10.6471842599504
107223.787922813	10.7784290616403
109672.893040217	10.9141660410403
112155.679367487	11.0458446949034
114673.521647884	11.1731034797518
117226.419881406	11.3014649722072
119815.061439683	11.4259850652123
122439.446322717	11.5437171794241
125100.949273766	11.6537303403874
127798.882921201	11.7555952152226
130534.622008282	11.852222228925
133308.166535008	11.9401857570436
136120.20387301	12.0181616465914
138971.421393917	12.0902714932138
141862.50646936	12.1564158724547
144794.146470967	12.2131917563302
147766.34139874	12.2684491575995
150779.778624309	12.3184009083339
153835.145519302	12.3648140522806
156933.12945535	12.4092341878066
160074.417804084	12.4514353502383
163259.010565502	12.4926648645738
166488.282482865	12.5298089376115
169762.233556173	12.5648153848375
173082.238528685	12.5972593926654
176448.297400402	12.6261693129991
179861.097542954	12.6485804893216
183321.32632797	12.6676473884755
186829.67112708	12.6803737188897
190386.819311915	12.6842241569269
193993.458254104	12.6814628686162
197650.275325277	12.6706030064055
201358.645268694	12.651233314589
205117.880712725	12.6249536230554
208930.04377226	12.5906476663174
212794.447075669	12.5483651566032
216713.152737842	12.4999770814098
220686.160758778	12.4441457298697
224714.845881738	12.3817975571444
228799.895478351	12.31356526432
232941.309548617	12.240913102481
237139.775464167	12.1620378735325
241397.35533989	12.0802567388822
245714.049175786	11.9938116933699
250091.231715115	11.904722861177
254528.902957877	11.8109158866005
259028.437647332	11.7160107237106
263590.52315511	11.6188052404439
268216.53422447	11.520772726472
272906.470855412	11.4191518934843
277661.707791197	11.3181682808759
282483.619775084	11.217889678049
287372.206807073	11.1145153591944
292328.843630425	11.0147474365298
297354.904988398	10.9124487095213
302450.390880993	10.812002892836
307616.67605147	10.7124473769644
312855.135243089	10.6129732083753
318166.455827479	10.516183500108
323552.0125479	10.4193305217321
329012.492775983	10.3229113955293
334548.583883356	10.2280966185088
340162.347984911	10.1331462626841
345853.785080647	10.0409843109311
351624.269913823	9.9474484939628
357475.1772277	9.85583337671969
363407.881765537	9.76477865186699
369423.070898965	9.67413518272014
375521.431999613	9.58341488558429
381705.027182371	9.49285728301339
387975.2311905	9.40197881060605
394332.044023997	9.31098283656847
400777.527797755	9.22038004106286
407313.057255032	9.12979080343766
413938.632395829	9.03879482940008
420657.002706664	8.94697182465731
427469.542930799	8.85505391475166
434376.253068233	8.76253041952089
441379.195233855	8.6695911492908
448479.056799297	8.57681909291913
455678.587251076	8.48338270040724
462977.786589194	8.38961188017849
470378.71692854	8.29559701810232
477882.753012374	8.20110763021169
485491.269583956	8.10686680346197
493205.641386545	8.01147355687715
501027.243163402	7.91719657577966
508958.137029417	7.82226881642235
516999.010356218	7.72742692364099
525151.925258696	7.63272512895722
533418.256480111	7.53852497584874
541799.378763723	7.44452819094644
550297.354224421	7.35081160223935
558914.244977095	7.25789040918314
567650.051021745	7.16533979819155
576508.209216521	7.07364333366597
585489.406933053	6.98218639169435
594595.70628623	6.89177792580799
603828.482019312	6.80246764823508
613190.483618819	6.71387141903057
622681.711084751	6.62640953248727
632305.601275258	6.53983794675775
642063.528933598	6.4545453210805
651957.556174663	6.37056780980331
661989.057741712	6.28754838874195
672160.095749635	6.20608812392808
682472.732313321	6.1258571069383
692928.342176031	6.04683726059873
703530.362195913	5.96927714605028
714279.479744598	5.89342984372733
725178.444308606	5.81878467346764
736228.630631196	5.74573933309667
747433.475570518	5.67413564734294
758793.666498202	5.60391034609784
770311.952900767	5.53549276224113
781991.084264734	5.46840836995834
793832.435333362	5.4028740953361
805838.75559317	5.33920628891735
818011.419787419	5.2766276322251
830354.552145888	5.21581601927999
842868.840040207	5.15678500796244
855557.720328526	5.09905103387105
868423.255125734	5.04295304401615
881467.506546721	4.98823795796336
894693.224078008	4.93534414717935
908103.157206112	4.88370218068681
921700.055417555	4.83363744761562
935485.980827226	4.78499177269431
949463.682921644	4.73800467847684
963636.598558959	4.69234625653983
978006.102482432	4.64818372074171
992575.631550211	4.60537697298487
1007347.93524882	4.5639124553889
1022326.4504364	4.52396642039917
1037513.23922785	4.48532646122255
1052911.05110968	4.44803325150026
1068523.32294005	4.41199640536291
1084352.80420547	4.37724755786477
1100402.93176409	4.34375959324503
1116676.45510244	4.31159578161228
1133176.12370704	4.28048948465173
1149905.37443603	4.25061695480875
1166867.64414756	4.22196011490945
1184066.36969978	4.19440598261707
1201504.30057921	4.16814888755085
1219184.87364401	4.14283180552658
1237111.52575232	4.11861743110923
1255287.69376228	4.09550576429879
1273716.81453206	4.07321660890007
1292402.3249198	4.05222901002097
1311348.34915528	4.03201421032541
1330557.63672502	4.01292471470412
1350034.99923042	3.99453119027735
1369782.49878639	3.97724489275097
1389805.63436595	3.96066360500605
1410107.15545563	3.94516694769416
1430691.18628521	3.9304295316854
1451561.85108446	3.91642876051239
1472723.27408317	3.90329117439234
1494178.89213949	3.89098965756441
1515932.82948319	3.87936151546366
1537990.58508731	3.86847905678561
1560354.22106675	3.85829256930209
1583029.92376617	3.84882464948045
1606021.13004373	3.84011597096193
1629331.9641292	3.83192701119256
1652967.92499562	3.82435719462872
1676932.44950114	3.81745171420511
1701230.34924718	3.81117441557396
1725866.43583513	3.8053806813442
1750845.52086641	3.80021512890691
1776172.41594244	3.79567775826207
1801851.93266461	3.79144769957326
1827888.88263434	3.78796332430716
1854288.07745304	3.78480885746444
1881055.01609374	3.78211535855575
1908194.51015787	3.78007263790688
1935711.37124681	3.7784050186161
1963611.09833363	3.77714865503118
1991899.87776297	3.77635325938029
2020581.83376464	3.77598719660914
2049663.15268328	3.77605950530468
2079149.33349195	3.77651595394524
2109045.87516368	3.77736558111778
2139358.96404314	3.77875300421336
2170093.41173174	3.78045225855844
2201256.09194579	3.78263959659838
2232851.81628668	3.78531501833318
2264888.14584235	3.79393331098229
2297369.89221421	3.79393331098229
2330303.92911855	3.79393331098229
2363696.44290005	3.79393331098229
2397553.61990338	3.82120724707947
2431882.33384483	3.82120724707947
2466688.08369745	3.82120724707947
2501979.11792079	3.82120724707947
2537760.93548789	3.82120724707947
2574041.09748669	3.82120724707947
