B10K-DU-002-16_Rynchops_niger
0	0.321849219115861
715.846400830759	0.321849219115861
1442.21995461491	0.321849219115861
2179.12066135246	0.321849219115861
2926.04722804562	0.511053691530329
3684.00224068995	0.819315278397713
4452.48440628767	1.20602837205938
5232.49631083436	1.54882921248761
6023.03536833443	1.7555535443206
6825.10416478346	1.84855429164404
7638.70270018144	1.89431469164739
8463.83097452838	1.94021450697769
9300.48898782428	1.99865455222844
10149.6793260647	2.07328822391581
11010.3994032541	2.16099833831955
11884.1530983857	2.26113071582866
12769.9378254641	2.3759839219616
13668.254877487	2.50880025675768
14579.6055474522	2.66297573459104
15503.488542362	2.8416668614536
16441.4077412095	3.04288250049656
17391.8592650016	3.26342324870428
18356.3469927316	3.49925321109951
19334.8709243994	3.74960739076009
20326.9297670073	4.00886985233679
21333.5261065508	4.2731190929155
22354.1586500322	4.54003509846589
23389.3286904493	4.79992314163783
24439.5375207997	5.05101729495677
25504.7851410836	5.28781244038465
26585.0715513009	5.50686966652367
27680.8980444493	5.70401008831768
28792.264620529	5.875383697892
29919.6725725377	6.02447587842008
31063.1219004753	6.15086123441716
32222.612604342	6.25333507446842
33399.1472701332	6.33549717381044
34592.2246048511	6.4059841332094
35802.3459014936	6.45683855477395
37030.0124530583	6.49884189045393
38274.7229665477	6.53087881763384
39537.4800279571	6.55530509786374
40818.2836372867	6.57682510473978
42117.1337945363	6.59683299153134
43435.0330857016	6.61239388686879
44771.4802177848	6.63443938228482
46126.9764837837	6.66192207545143
47502.023176696	6.68889357908594
48896.6202965217	6.72655359111901
50310.7678432609	6.77225322033883
51745.4684029091	6.82729010171151
53200.7219754663	6.89115304570494
54676.5285609326	6.96461419874525
56173.8907453033	7.04542504184156
57692.3072355809	7.13109754762083
59232.279324763	7.21747785429071
60794.3083058475	7.30045142233054
62378.8954718321	7.37574999788485
63986.0408227169	7.43883007119624
65615.7443585017	7.49092135694337
67269.0086651823	7.52846340216134
68945.8337427586	7.55379409464035
70646.7208842283	7.56794653770052
72372.1713825893	7.56751399271181
74121.6839448437	7.56093287432995
75896.762449985	7.54609050413904
77696.9056050153	7.52666530191904
79522.6147029323	7.49842118658222
81374.3910367341	7.46920116395685
83252.7358994181	7.43713921351313
85158.1505839824	7.40370098355989
87090.6350904267	7.37002681997645
89050.690711749	7.33826514869844
91038.8187409471	7.30774749110695
93055.0191780208	7.28076168846455
95100.2946089658	7.25768666448036
97174.6450337821	7.23958054573831
99278.5717454675	7.22286500551366
101413.077330017	7.21081451661348
103577.660494434	7.20158093226782
105772.822531716	7.19522144850828
108000.067320855	7.19138216488953
110258.392275857	7.18919084193022
112549.301275714	7.18720685458534
114873.295613426	7.18629886758426
117229.873995992	7.18498335885828
119620.540302408	7.18645615667106
122045.294532673	7.18484394353134
124504.637979785	7.18386803624278
126999.071936742	7.18255610226877
129529.09769654	7.1809117163613
132095.21655218	7.17786245292853
134698.431089654	7.17349410601782
137338.240015967	7.17005519462002
140016.147210111	7.16355629553353
142732.152672087	7.15717178851017
145486.757694892	7.15006875634029
148280.964864521	7.14158586990892
151115.275473973	7.13164805942464
153989.689523247	7.12061637483669
156905.209598339	7.10772224447092
159862.336992247	7.09425615378952
162862.074290967	7.08079721261206
165904.421494497	7.06433547977748
168989.879895837	7.04706227824509
172119.953373979	7.0300500336067
175294.641928924	7.01137195454901
178514.446853669	6.9912389514384
181780.37073421	6.9716564601316
185092.914863545	6.95067266605147
188452.580534671	6.92996055312127
191860.871626581	6.90814741658347
195317.286846279	6.88583381476947
198823.330072757	6.86306264470296
202379.001306015	6.84064894983373
205985.804425046	6.81753460357784
209644.24072285	6.7952531745316
213354.811492422	6.77133093432986
217118.519319759	6.748473970216
220935.865497859	6.7239833444506
224807.351319718	6.70081895166708
228734.480664332	6.67613528929515
232717.754824697	6.65238106243613
236758.176386809	6.62720765904392
240855.745350668	6.602652687743
245012.466888265	6.57626744343203
249227.839706602	6.54998586692827
253503.868977671	6.52268191136029
257841.055994469	6.49558529140674
262239.902049995	6.46672631873061
266701.91102324	6.43789594407027
271227.584207204	6.40777150919578
275817.924187881	6.37691067541491
280473.43225827	6.34460921658901
285195.612297364	6.31158923261659
289985.466891158	6.27742532801288
294843.49733265	6.24227121711272
299771.207500834	6.20553706584059
304769.098688707	6.16785203054371
309838.674775262	6.12924470923785
314979.935760501	6.08925753367051
320195.38810941	6.04847318841324
325485.031821992	6.00644840422143
330850.370777238	5.96290792519316
336291.906268147	5.91871684130585
341811.643466709	5.87308870712548
347410.083665924	5.82703160270839
353088.730744783	5.77966613906926
358848.085996285	5.73147490772443
364689.653299422	5.68313711154871
370614.93653319	5.63345163387925
376624.938283582	5.58343727902831
382720.661136594	5.53294390741301
388903.107678223	5.48202514031296
395174.283080459	5.43035210054665
401535.189929298	5.37847172516592
407986.329517737	5.32654845276152
414530.208310765	5.27442856899862
421167.327601381	5.22206917685354
427899.191268577	5.16961684115717
434727.303191347	5.11710015992529
441653.167248685	5.06497670141041
448677.284733587	5.01284609339159
455802.162111043	4.96120880114501
463028.801967049	4.90947499059517
470358.708180598	4.85840965866423
477793.384630682	4.80758740986744
485334.335196297	4.75711191201201
492982.562463436	4.70727986951167
500740.572897089	4.65777670419283
508608.867790254	4.60913505409943
516589.95360792	4.56084015494738
524684.832936081	4.51342107002866
532895.510946731	4.46660969294532
541223.491518861	4.42044534596904
549670.278531464	4.37510676669847
558237.375863536	4.33039376902313
566927.289980063	4.28654943607718
575741.023467042	4.24332353522251
584681.082789462	4.20104136888866
593748.470533319	4.15949560146119
602945.6931636	4.11888284429861
612274.2545593	4.07898503753059
621735.658599412	4.04001309152352
631332.411748925	4.00184188995834
641066.519179829	3.96456437638635
650939.484771119	3.92820914882334
660953.313694785	3.89269398797393
671110.512415816	3.85800459483022
681412.584813206	3.82427680996719
691861.536058946	3.79138551706579
702460.373911022	3.75940936066941
713210.10095543	3.72826969623466
724113.724950157	3.69798082276943
735172.749774196	3.66854274027371
746389.681892536	3.64009843882643
757767.027770165	3.61227971897438
769306.792579075	3.58550840145034
781011.482784256	3.55963792142345
792883.604850695	3.53447166753519
804925.163950383	3.5101883773842
817138.666548311	3.48678090146654
829526.619109466	3.46413484771908
842091.528098838	3.44229311316549
854835.899981415	3.42128072106958
867762.241222187	3.40104762490373
880873.058286142	3.38159024991598
894171.358931267	3.36286569908264
907659.649622551	3.34487397240372
921340.436824982	3.32768656491867
935216.728296548	3.31118550981239
949291.531795235	3.29541727886052
963566.852493035	3.28034612454335
978046.700733929	3.2659148508293
992732.58039691	3.25216992949402
1007629.00311896	3.23905416450595
1022737.97407207	3.22667837317624
1038062.50101422	3.21476372485101
1053606.09299641	3.20359977444007
1069371.75777661	3.19298633583293
1085362.50311281	3.18288051200593
1101581.33676301	3.1734074192781
1118032.26907118	3.1645348848817
1134718.3077953	3.15605557320231
1151642.46069337	3.14818039460631
1168808.23681638	3.14076635901479
1186219.64650829	3.13394573225076
1203879.19623411	3.12746113217216
1221791.39763081	3.12161998744867
1239959.25845637	3.11610057040272
1258386.78905479	3.11103872160928
1277077.49847704	3.10645946433217
1296034.89577411	3.10223768225234
1315263.49258298	3.09849849168883
1334766.29666164	3.09508817830681
1354548.32094006	3.09208896140166
1374612.57317623	3.08951871473324
1394963.06371413	3.0873059432621
1415604.80548374	3.08536842769286
1436540.80624305	3.08381698533668
1457776.58021504	3.0826337424337
1479315.13515768	3.08185444650364
1501161.48400096	3.08125746292419
1523319.63708886	3.08114307086106
1545794.60735136	3.08125746292419
1568590.40513244	3.08168285840894
1591712.04336207	3.08246572909098
1615164.03367724	3.08349525765914
1638950.88771493	3.08496448071994
1663077.61840512	3.08663031513925
1687548.73738478	3.0885928539723
1712369.25758389	3.09112735312099
1737544.69322543	3.09383701511634
1763079.55594638	3.09688270379714
1788978.85867672	3.10043243250609
1815248.61693241	3.11077776471527
1841893.34235045	3.11077776471527
1868918.5491538	3.11077776471527
1896330.25285844	3.11077776471527
1924132.96510135	3.14114885747588
1952333.2026915	3.14114885747588
1980935.97855887	3.14114885747588
2009947.30821943	3.14114885747588
2039373.20718916	3.14114885747588
2069219.18969102	3.14114885747588
