B10K-DU-030-41_Sapayoa_aenigma
0	3.68261947126439
409.461881875518	3.68261947126439
824.07995041169	3.68261947126439
1244.46081580389	3.68261947126439
1670.60447805211	2.49544517093906
2102.51093715636	2.17493469042623
2540.18019311664	2.02021905655216
2983.91555103063	2.01576114845749
3433.41370580064	2.13779936243434
3888.97796252436	2.32681943346477
4350.91162629948	2.51368802746019
4818.91139202832	2.65698474166928
5293.28056480855	2.75020150705542
5774.01914464017	2.80685508238696
6261.1271315232	2.84232763449861
6754.9078305553	2.86380068645733
7255.36124173649	2.87609569233877
7762.79067016445	2.87701945671668
8276.89281074149	2.8653323473936
8797.66766346761	2.84338251382048
9325.72183853819	2.81192684681018
9861.05533595321	2.77489879468154
10403.364850615	2.73706021380841
10952.9536876213	2.70490129391687
11510.1251520697	2.68107413273704
12074.8792439602	2.67065645446231
12647.2159632929	2.67202124183354
13227.1353100677	2.68585386842144
13814.9405893823	2.7107180296126
14410.6318012367	2.74406294376997
15014.5122507287	2.78248558212074
15626.2786327605	2.82540784695746
16246.5375575275	2.87273438195722
16874.985719932	2.92523399747327
17512.2297301694	2.98086845210402
18157.6629780443	3.04323744703823
18812.1953788497	3.11077356271854
19475.2203223904	3.18567595434139
20147.3444188616	3.2669850989078
20828.5676682634	3.35560688148512
21518.8900705957	3.45099896298698
22218.6149309563	3.55432945836866
22928.0455544429	3.66570564349341
23646.57533086	3.78368525397765
24375.1141755007	3.9093410484538
25113.3587832674	4.04366830854192
25861.6124592577	4.18676239056488
26619.8752034716	4.33944574280755
27388.4503210069	4.49963840547708
28167.3378118634	4.67101159700437
28956.8409811389	4.85243892082542
29756.9598288335	5.04160202634016
30567.694354947	5.24317337336976
31389.6511696749	5.45270697335991
32222.5269679195	5.67078688378825
33066.6250547784	5.89896860467177
33922.2487353494	6.1349159060999
34789.0947045347	6.37874202370605
35668.0728776275	6.62841467585883
36558.5766444324	6.8868124315552
37461.2126151446	7.14848806085059
38376.284094862	7.42051581094873
39303.4877784868	7.69782987719657
40243.1269711166	7.9803170239607
41195.5049778493	8.26927052137018
42160.6217986848	8.56393347861214
43139.0840438185	8.86217229796213
44130.5884081526	9.16598350243047
45135.4381967849	9.47363279889476
46153.6334097153	9.78432753792106
47186.083962237	10.0954632999407
48231.8799390568	10.4094895504976
49292.2345605656	10.7220854562113
50366.8445216656	11.0320590630459
51455.7098223568	11.3379263882263
52559.4370728345	11.6399437018705
53678.0262730989	11.9331941935798
54811.7807282476	12.2195969093522
55960.7004382805	12.4946224238509
57125.3920133931	12.7602791796265
58305.5521484876	13.0136707283717
59501.7874537595	13.254093817205
60713.7946241111	13.4778116702237
61942.4835748353	13.6917793392278
63187.8543059322	13.8872240425123
64449.9068174019	14.0707551652069
65728.9444143419	14.235203103785
67025.2704018501	14.3842211973669
68339.1880850239	14.5193589861995
69670.6974638636	14.6362062403495
71020.1018434667	14.7395426955014
72387.7045289309	14.8254289435661
73774.1121304517	14.8954324041009
75179.0213429312	14.9485220368648
76602.7354714673	14.990234468355
78045.8611262552	15.0118028766366
79508.398307295	15.0215649801915
80990.6503196844	15.0147589226459
82492.920468521	14.9942930718476
84015.5120589026	14.9564842898254
85558.7283959268	14.9077035709017
87122.5694795935	14.844458489751
88707.6419200983	14.7666894486715
90313.9457174411	14.6759400281399
91942.0874818172	14.5722102281562
93592.0672132267	14.4589388361142
95264.4915218649	14.3343021623388
96959.3604077319	14.1976744309612
98677.280481023	14.0509270098179
100418.251741738	13.8957643931803
102182.577494975	13.7307860350562
103970.864350929	13.5587513090389
105783.415614698	13.379976082948
107620.231286282	13.192624747568
109481.917975876	13.0002254868455
111368.778988578	12.8024445536504
113280.814324388	12.5991508330387
115218.933898599	12.3922812503191
117183.13771121	12.1814841790508
119173.729067321	11.9674926709659
121191.314577125	11.7517072720569
123236.197545721	11.5329360282877
125308.681278207	11.3138787155498
127409.069079679	11.091710402778
129537.664255237	10.8705790900174
131695.073415074	10.6509436795721
133881.599864289	10.4295799357746
136097.54690798	10.2098074506151
138343.521156342	9.98993364936256
140619.825914472	9.77332580216869
142926.764487468	9.55779071360723
145264.943485526	9.34610563658208
147634.666213744	9.13602373773537
150036.235977218	8.92917799409642
152470.259386145	8.72551476773362
154937.343050719	8.52536780577704
157437.486970941	8.3290052978848
159971.297757007	8.1371722153294
162539.38201911	7.94894479373292
165142.346367448	7.76538387218742
167780.190802019	7.58585771505382
170453.825238117	7.41105765567299
173163.249675743	7.24216968831078
175909.374030188	7.07647615776506
178692.804911648	6.91628945486572
181513.542320124	6.76078713132789
184372.192865811	6.61018969864824
187269.666464001	6.46502161660261
190206.266419792	6.32406709207428
193182.296038283	6.18808301587611
196198.665234766	6.05683695697108
199255.677314339	5.93048386938387
202353.938887197	5.8088687990898
205494.056563536	5.6916818380395
208676.636953551	5.57895874485406
211901.983362339	5.47062800229132
215171.005705194	5.36680284598469
218484.007287213	5.26713164949356
221841.89802369	5.17145349902306
225244.981219722	5.08003062446111
228693.863485505	4.99230876718098
232189.454736331	4.90845480074769
235732.058277299	4.82838528837874
239322.5840237	4.75178436225457
242961.638585732	4.6786818212261
246649.828573588	4.60898230897043
250387.457292368	4.54256663008397
254175.73796246	4.47930366962275
258015.277194062	4.41917554827624
261906.681597368	4.36199155339867
265850.254477476	4.30770996659879
269847.209054776	4.25605663844831
273898.151939465	4.20713288504029
278003.689741736	4.16112345925031
282164.732376885	4.11722379210408
286381.886455105	4.07612521694246
290656.06189169	4.0371900383562
294987.561991737	4.0006864460034
299377.903280736	3.96625089390308
303827.389063783	3.93406813493082
308336.625951075	3.90397725529176
312907.130468099	3.87584118027175
317539.205919953	3.84979698458493
322233.458916832	3.82552880041178
326991.405984226	3.80323330016821
331813.653732329	3.78264229419615
336700.808771336	3.76391073652025
341653.781016541	3.74683599495441
346673.783688335	3.73137039133719
351761.423396913	3.71764504061253
356917.913362665	3.70536195427146
362143.860195788	3.69479528174223
367440.173811573	3.68562319543513
372808.067430412	3.67781589649927
378248.450967598	3.67157005735058
383762.234338424	3.6667247641942
389350.630763281	3.66317870093707
395014.246852364	3.66096166643009
400754.295826063	3.66004386182237
406571.687599672	3.66041336757353
412467.635393582	3.6620940227643
418443.352428183	3.66493683314018
424499.445313671	3.66895371824154
430637.430575534	3.6742221550807
436858.218129065	3.68056335055227
443163.021194655	3.68812629891075
449552.749687596	3.69673816682092
456028.920133379	3.70653006922674
462592.139142197	3.71716825899813
469244.226544637	3.72894476487391
475986.092255991	3.74173443168029
482818.949496652	3.75560281688926
489743.708181911	3.77046648371831
496762.188142355	3.786212196534
503875.299293277	3.80285783464687
511084.558160165	3.82049875437981
518390.874658313	3.83911707642229
525796.068618306	3.85863532376195
533300.74665034	3.87894026076537
540907.031890099	3.90015704260634
548616.137557973	3.92216051411108
556428.973569256	3.94506987068319
564347.359754533	3.9686943996769
572372.509334195	3.99317117580636
580505.938833732	4.01846444045049
588749.16477863	4.04441327981442
597103.703694379	4.07114284907194
605571.072106467	4.09864122868268
614152.483235285	4.12682498186413
622849.756911418	4.15573582700755
631664.409660356	4.18519497100753
640598.261312685	4.21562555754686
649652.525088794	4.24647332799879
658828.717514174	4.27802435133197
668128.961724506	4.31009983444099
677554.774245281	4.3429262485927
687107.671601985	4.37636055930277
696789.473625206	4.41049216312391
706602.00014553	4.44506478993837
716547.070993542	4.48047774434822
726626.202694731	4.51642111830409
736841.518384781	4.55286511295509
747194.53458918	4.59004811910841
757687.071138515	4.62797013676406
768321.554473566	4.66663116592204
779099.197814725	4.7058643330173
790022.730907871	4.74592590816759
801093.366973394	4.7867264948202
812313.532452077	4.8285462021736
823685.047174504	4.87112280033987
835210.03427636	4.91470063989638
846890.313588232	4.95924396222207
858728.614855997	5.00515803168916
870726.454605145	5.05219253795011
882886.259276457	5.10086598101056
895210.152005617	5.22802959734226
907700.255928309	5.22802959734226
920359.300790411	5.22802959734226
933188.803117413	5.22802959734226
946191.492655194	5.52570819829533
959369.795844534	5.52570819829533
972725.835821118	5.52570819829533
986262.039025727	5.52570819829533
999981.135204241	5.52570819829533
1013885.24749234	5.52570819829533
