B10K-DU-002-25_Sitta_europaea
0	0.365183179332677
107.887009352972	0.365183179332677
217.578580391656	0.365183179332677
329.074713116054	0.365183179332677
442.439856157796	0.366110076620216
557.738458148517	0.39694645438104
674.970519088216	0.489798838659026
794.136038976893	0.664514791372526
915.29946644618	0.945353905528582
1038.46080149608	1.34983992184595
1163.74894138985	1.87085307315981
1291.09943749587	2.48187452907454
1420.57673844576	3.13370697356052
1552.24529287116	3.76725263156072
1686.10510077207	4.34069946543334
1822.15616214849	4.81369694525964
1960.52737426368	5.17159650590701
2101.21873711765	5.40244894634342
2244.29469934202	5.51113752027858
2389.75526093679	5.50858047976147
2537.60042190198	5.4091034708697
2687.95907950083	5.2226153246062
2840.83123373336	4.97585971870861
2996.21688459956	4.68017709199041
3154.24492936269	4.35502750350395
3314.91536802276	4.01428929663583
3478.2926492114	3.67576009530329
3644.37677292861	3.34446428080307
3813.23218780602	3.0306491511476
3984.9877911069	2.73754389688702
4159.51468556798	2.47014060741254
4337.00621708416	2.22945229175971
4517.52683428707	2.01359047145494
4701.01208854508	1.82342104796428
4887.52642848983	1.65636904082311
5077.2632000162	1.51058902743185
5270.09350586094	1.38332543185438
5466.1462432873	1.27294452287165
5665.55030955857	1.17734852262254
5868.24125604309	1.09456882086799
6074.34798000415	1.02327786149293
6283.87048144173	0.961663709799783
6496.9376576191	0.908982455965521
6713.54950853627	0.863593192792072
6933.8349314565	0.825113201399421
7157.72947774815	0.792188613749507
7385.42649330612	0.764551526626321
7616.92597813042	0.74122959487532
7852.29238085267	0.722068534947997
8091.59015010452	0.706594732230333
8334.88373451758	0.694350120062807
8582.30203135513	0.685120615071911
8833.84504061717	0.678515126402128
9089.57721093532	0.674593453878459
9349.56299094123	0.672865238935885
9613.93127789815	0.673506293059912
9882.74652043772	0.676144661339026
10156.0087185599	0.680870043510729
10433.9112181597	0.687312876656505
10716.3895706054	0.695781727873369
11003.6371217919	0.705880722319802
11295.7183203508	0.717801219435814
11592.6331662822	0.731350663784896
11894.575005481	0.746643871031052
12201.543837947	0.763514597660776
12513.6041123121	0.782042975439572
12830.949174471	0.801994589053428
13153.5790244238	0.82370670951536
13481.6225594337	0.846913825602357
13815.1442281324	0.871606369342417
14154.2729277832	0.897915900350546
14499.0731070176	0.925741954920741
14849.6092144673	0.955139548892002
15206.0745960272	0.986121838225832
15568.4692516973	1.01853453937372
15936.9220787409	1.05247692004518
16311.5619744212	1.08806379590421
16692.4533873698	1.1250679276158
17079.7252148501	1.16362326678795
17473.5063541253	1.20363054571117
17873.7968051954	1.24523567595846
18280.8543625869	1.2881025825133
18694.7434749314	1.3325374404797
19115.5285908607	1.37805347928216
19543.3386076379	1.42495926601767
19978.3668711579	1.47312443706774
20420.6133814208	1.52238155292235
20870.2714843215	1.57267440174601
21327.4700771231	1.62383554402871
21792.3380570891	1.67572983216594
22265.0043214826	1.72861440540521
22745.5333189352	1.78174535392349
23234.118395342	1.83531164516779
23730.888447966	1.88964815815812
24235.9723740707	1.94381603564194
24749.4990709193	1.99806763288077
25271.6618844066	2.05211830270759
25802.5252631643	2.1057396097909
26342.2825530873	2.15907268171769
26891.0626514389	2.21158530004544
27449.058904114	2.26331932465166
28016.3357597441	2.31418146780934
28593.1510128559	2.36406528582999
29179.6335607125	2.41241344434456
29775.9123005774	2.45937185492608
30382.1805783452	2.50496682949753
30998.631739911	2.54888142898642
31625.3302339064	2.59101399369023
32262.5338548579	2.63120904406395
32910.4359486605	2.66974165930261
33569.1654125773	2.70610234489717
34238.9155925032	2.74028751285814
34919.8798343333	2.77249091461852
35612.2514839623	2.80295174947833
36316.2238872852	2.83091175565653
37031.9903901969	2.85692826752214
37759.6798899605	2.88075849778567
38499.6146297344	2.9025866299081
39251.8590581501	2.92221412847045
40016.7354183658	2.9398024530002
40794.4370562764	2.95571518643338
41585.0928691451	2.96926582677897
42389.0251001302	2.98104280431497
43206.4270951264	2.99125661442541
44037.4922000288	2.99933198279376
44882.4782093638	3.00624125457455
45741.5784690264	3.01114723221776
46615.1152221746	3.01447688647391
47503.2173660718	3.01624935328698
48406.2071438762	3.01711645074952
49324.2779014826	3.01612138166148
50257.7518820492	3.01407503164989
51206.8224314708	3.01099653665876
52171.8117929057	3.00668377327957
53152.9777608804	3.00140105673885
54150.5136812898	2.99519263890708
55164.741797292	2.98813147557078
56195.9843520452	2.98028813052344
57244.499140076	2.97174034353757
58310.4795072792	2.96228718720117
59394.3765940763	2.95267974731625
60496.3837463621	2.9421597621018
61616.8876559265	2.93135512972034
62756.0816686643	2.92014266253236
63914.3524763654	2.90872926793237
65092.0867708195	2.89680877081636
66289.4778979216	2.88480694593834
67506.9125494614	2.87250612193531
68744.7129685971	2.86026509775729
70003.2013984869	2.84791643389426
71282.8289795521	2.83537999858072
72583.7890576878	2.82312581844119
73906.5972219469	2.81077595858166
75251.511266856	2.79868084597664
76618.9823328365	2.78677828880813
78009.2682144149	2.77503121118463
79422.8845006443	2.76356997672464
80860.153434683	2.75227498577815
82321.4617083205	2.74149427332669
83807.2604619785	2.73111302370624
85317.871938815	2.72102240123531
86853.8117278831	2.71168166856991
88415.4665209726	2.70242465565951
90003.2230098733	2.69407062010665
91617.5967836383	2.68619378715731
93258.9745340574	2.678943656374
94927.8074015519	2.67224607597371
96624.610975175	2.66624336953996
98349.7719467164	2.66097261296423
100103.870353861	2.65656536586154
101887.228439767	2.65259704947437
103700.555139381	2.64956041436074
105544.172695864	2.64730954894764
107418.596698266	2.64597960083959
109324.471632905	2.64535170267706
111262.248640203	2.64553110215207
113232.443309211	2.64665414286562
115235.571228984	2.6486418890487
117272.276885837	2.65149314470482
119343.075868825	2.65523780974649
121448.483766998	2.66000624779219
123589.209515307	2.66559872742643
125765.704254171	2.67218268815921
127978.67691854	2.67972583808504
130228.643097465	2.6882425291619
132516.311725896	2.69771601743881
134842.262841517	2.70817859482126
137207.140930643	2.71957046148425
139611.590479592	2.73207221289928
142056.25597468	2.74560610929386
144541.910799486	2.76003461107048
147069.134991695	2.77550841378815
149638.637486256	2.79216625304086
152251.191666746	2.80976175354962
154907.442019484	2.82843484690492
157608.161928048	2.84816878915577
160354.124776018	2.86893368038966
163145.975049711	2.8907833404491
165984.615029968	2.91371178935158
168870.75365174	2.9375563715731
171805.164298603	2.96263881017218
174788.749251403	2.9886086781743
177822.217445086	3.01578769863796
180906.535609128	3.04383142457117
184042.412678475	3.07305559904992
187230.815382603	3.10319710284422
190472.581553723	3.13427267990505
193768.549024045	3.16640312587893
197119.748971677	3.19956332483935
200527.01922883	3.23355115337781
203991.326524977	3.2682924597113
207513.637589593	3.30410179091934
211094.854703522	3.34076147563891
214736.073493501	3.37811244633552
218438.196240372	3.41634725844566
222202.318570874	3.45520996871833
226029.407214481	3.49474961301002
229920.622246562	3.53492672343625
233876.865947961	3.575765219927
237899.42729131	3.61701872720327
241989.273006083	3.65890611262457
246147.56316765	3.70111641710088
250375.45785138	3.74376206430321
254674.117132643	3.78682750627706
259044.765535439	3.83005321178192
263488.563135139	3.87348821667428
268006.734455742	3.91721026072666
272600.504021251	3.96098253663204
277271.160804297	4.00506935961693
282020.058226145	4.04901625101132
286848.356362164	4.0928543067242
291757.537530883	4.13675575025158
296748.826256301	4.18062609786997
301823.704856947	4.22421179832134
306983.526754084	4.2677042110457
312229.70981761	4.31111410001157
317563.73636605	4.35422738184542
322987.024269302	4.39736219161627
328501.055845892	4.44016212236711
334107.37786298	4.48267142596843
339807.601536357	4.52533620911476
345603.144735919	4.56764099731458
351495.747574719	4.60982498986789
357487.021268549	4.6520269223687
363578.512584567	4.69428387070852
369771.961635828	4.73653962305183
376069.108535386	4.77898793083165
382471.693396295	4.82167184992199
388981.391882978	4.86480905168584
395600.008557119	4.90852152776621
402329.476877669	4.95294920975362
409171.601406312	4.99810286161656
416128.186704735	5.04435802625605
423201.230680517	5.09201131080409
430392.666792609	5.14099215146719
437704.492948591	5.27266658213685
445138.707056043	5.27266658213685
452697.307022546	5.27266658213685
460382.484101575	5.27266658213685
468196.236200712	5.59242701039407
476140.819022062	5.59242701039407
484218.359370471	5.59242701039407
492431.112948045	5.59242701039407
500781.335456891	5.59242701039407
509271.282599117	5.59242701039407
