B10K-DU-001-27_Sterrhoptilus_dennistouni
0	0.567448382583292
313.65109248031	0.567448382583292
632.181635683712	0.567448382583292
955.981985668052	0.567448382583292
1285.05214243333	1.34843434668924
1619.19692795062	1.27687309683091
1958.80669827778	1.55883424557031
2303.8814534148	2.3131499072228
2654.6163713906	3.48106088173711
3010.81627417627	4.81935487785046
3372.67633980072	6.06686170219122
3740.58692432181	7.11637846712775
4114.3528497106	8.02116962022128
4493.97411596711	8.90496038524646
4879.84107914917	9.870212855067
5271.75856122786	10.9751950148546
5670.11691826104	12.1976079937973
6074.72097221977	13.4457850027799
6485.96107916191	14.549026967219
6903.83723908745	15.3873175260739
7328.3494519964	15.8518049851794
7759.69289591767	15.8988740326704
8198.06274888019	15.5704035929307
8643.26383285504	14.9327800241802
9095.881681929	14.0953919298715
9555.5259400442	13.1407177153644
10022.7821412874	12.1620120504314
10497.2599296008	11.2212213200399
10979.5448390712	10.3483895970565
11469.6368696985	9.56707234849692
11967.5360214827	8.88400949945279
12473.4374724528	8.30618848638931
12987.3412226088	7.8154038958242
13509.6376280085	7.40711294208827
14040.3266886519	7.06560436476991
14579.6035825679	6.78709314378934
15127.4683097566	6.55484751030297
15684.1160482469	6.36595444583896
16249.7419760676	6.20914266323822
16824.3460932189	6.0840542229761
17408.3187557584	5.9861729944544
18001.6599636864	5.91701831671923
18604.5648950315	5.87447301556098
19217.0335497939	5.86000692775106
19839.4562840315	5.87342965992531
20471.8330977441	5.91363693057151
21114.3591689608	5.97973769874533
21767.2296757104	6.06763850711705
22430.444617993	6.17818470222358
23104.5895298953	6.30855084654059
23789.2740553594	6.45797917447868
24485.2789065012	6.62383844974496
25192.2137272626	6.80425520163595
25910.6640517306	6.99776340124753
26640.4347018762	7.20196790005839
27382.111211786	7.41838422924735
28135.6935814603	7.64460200882397
28901.3769889278	7.87595279349872
29679.3566122174	8.11656431140687
30469.8276293582	8.36462782558879
31272.9852183791	8.61201734726152
32089.0245573089	8.86584597251062
32918.3360022055	9.11975075510538
33760.9195530689	9.3679513525095
34616.970387928	9.61676501654625
35486.6836848118	9.85682820156559
36370.4497997781	10.093521424039
37268.4639108558	10.3174659068474
38180.9211960739	10.5333415188821
39108.0168334613	10.7395870345569
40049.9460010468	10.93878418789
41007.0990548884	11.1271403430671
41979.475994986	11.3053561476682
42967.6623554265	11.4736638815978
43971.6581362098	11.6307993329176
44991.6585153648	11.7840126809355
46028.2490269783	11.9253949853036
47081.4296710503	12.0571624247809
48151.5908036387	12.1792616892255
49238.7324247435	12.2917080101065
50343.4400684513	12.3930810529271
51466.1040908202	12.488506207051
52606.5293138211	12.5716129105128
53765.4964495697	12.6460909867103
54943.0054980661	12.7160605480441
56139.2516373392	12.7731252471543
57355.0155795046	12.8224904386172
58590.1021465335	12.866090519013
59845.0968725126	12.9009210810549
61120.1949354708	12.9282349130793
62415.981869495	12.948542269302
63732.457674585	12.9608911829024
65070.0127067988	12.9662983544449
66429.0373221942	12.9619573857417
67810.117054858	12.9514095933665
69213.2519047901	12.9334288440539
70638.8322280485	12.9067090393258
72087.4435587198	12.8706561518859
73559.476252862	12.8291427827614
75054.930310475	12.778951284098
76574.3912656457	12.7209536575034
78118.4446524607	12.6542283990951
79687.285648949	12.5812506226073
81281.1094331396	12.5003105956298
82900.696717148	12.4117814891563
84546.4378570323	12.3178528268748
86218.5280308212	12.2162132333443
87917.3575945727	12.1081916542467
89643.5120823735	11.9943135752672
91397.5770283103	11.8739202353656
93179.7476104122	11.7493420493194
94990.4141847369	11.6194366569437
96830.3574634002	11.4851407935902
98699.772624431	11.346363070444
100599.245201916	11.206500105122
102529.165551913	11.062258092424
104490.119208509	10.9160321808713
106482.691705791	10.7678185625966
108507.273399816	10.6191822710535
110564.254646642	10.4696168598932
112654.416158385	10.3195945046589
114777.953113075	10.1701357137825
116935.841400855	10.0214080334246
119128.276199754	9.87391029419925
121356.038221889	9.72878866415877
123619.517823316	9.58439433676944
125919.300538124	9.44293968292295
128256.167078427	9.3031795300176
130630.507800283	9.16581452563356
133043.103415808	9.03172809498059
135494.34428106	8.90048994905566
137985.011108155	8.77206200918594
140515.689431179	8.64676413622322
143086.964784219	8.52399087926946
145699.617879391	8.40473228381834
148354.234250782	8.28856186873411
151051.594610507	8.17577283979761
153792.284492653	8.06604152828974
156576.889431306	7.95939839714877
159406.190138584	7.85583202277284
162281.162504629	7.75594024032547
165202.1968855	7.6584893008068
168170.269171342	7.56425981700996
171185.964896242	7.4732822518732
174250.064772314	7.38513393212806
177363.349511675	7.29946453398446
180526.79500447	7.2179571347817
183740.986784785	7.13834224561883
187006.900742764	7.06186884696482
190325.317590524	6.98828942744625
193696.822862151	6.91710515644899
197122.782803848	6.84875013084335
200603.587771673	6.78283594816641
204140.408833798	6.71986143903232
207734.02670234	6.65948008751827
211385.417267444	6.60106740338978
215095.556419254	6.5453011870233
218865.029691856	6.49190346410715
222695.398509483	6.44085138743761
226587.053228192	6.39208403113816
230541.360094185	6.34511779606379
234559.294997607	6.3007142556712
238641.638650574	6.2581346837074
242789.56212126	6.2176265915458
247004.236477837	6.17904528022964
251286.637610451	6.14228793734227
255637.741409246	6.1074192966275
260058.914120425	6.07440127941249
264550.936456103	6.04300541366025
269115.174662482	6.01334212752199
273752.799807737	5.98532384005019
278464.982960041	5.95888200963375
283252.895187567	5.93391763172329
288117.707558489	5.91078864584347
293060.59114098	5.88903810792027
298082.912181244	5.86851370326234
303186.036925482	5.84961525793446
308370.941263839	5.83221330444898
313639.381798575	5.81584328299733
318992.334419835	5.80120584115965
324431.36055185	5.78756986841753
329957.826440824	5.77535042230487
335573.098332957	5.76445611400685
341278.542474453	5.75461277707907
347075.525111515	5.74597653408015
352965.802846402	5.73863115809033
358950.741925317	5.73252714683492
365031.903772491	5.72722659557632
371210.654634127	5.72337684175273
377488.555934456	5.72041432100619
383867.559453768	5.71870078072862
390349.031438264	5.71778689258059
396934.533312178	5.71803059608673
403625.821677767	5.71925672935201
410424.653137294	5.7216785329443
417332.784293017	5.72485048639143
424351.971747199	5.72895155945574
431483.776924069	5.73405029374831
438730.346781946	5.7402038072784
446093.242745062	5.74706558412322
453574.416593706	5.75492502219631
461175.820108166	5.76362980680633
468899.405068733	5.77330178970636
476747.123255696	5.78371630672666
484720.926449342	5.79510182990425
492822.766429963	5.80719180852928
501054.790155876	5.82023756184246
509419.144585399	5.8340525043469
517917.781498822	5.84846147414757
526553.043032491	5.86394426252217
535327.076144725	5.87986876350166
544242.027793842	5.89675665490387
553300.240116189	5.91424999720415
562504.055248112	5.93252395229754
571855.81532596	5.95153282577664
581357.66730805	5.97093390958594
591012.343686788	5.99125268941056
600821.991420491	6.01189894582155
610789.343001564	6.03332962289295
620916.740566354	6.05509920015257
631206.916607267	6.07742853390286
641662.603616707	6.10021861959445
652286.143731022	6.12323717732305
663080.269442615	6.14684595448059
674047.908421922	6.17068701154242
685191.793161347	6.19480604291594
696514.851331324	6.21914593059191
708019.620246229	6.24353532054256
719709.417932553	6.26829788148699
731586.976882702	6.29289289627095
743655.419945138	6.31753741332959
755917.674790295	6.34217050678639
768377.059444666	6.36671982716294
781036.501578683	6.39113968005186
793899.514396867	6.41526632715995
806969.025569653	6.43915688649647
820248.743479589	6.46294463341633
833741.59579711	6.48645059815722
847451.486082794	6.50942346147841
861381.537185105	6.53204980887682
875535.45748659	6.55423825153762
889916.760191771	6.57585932197318
904528.95850517	6.59726334397359
919376.151165392	6.61792102398644
934461.851376959	6.63829311395302
949789.962700449	6.65802929008327
965364.388696441	6.67732375360863
981189.032925513	6.69599753476679
997267.994126272	6.71432860786943
1013605.1758593	6.73221035263263
1030204.87204123	6.74971131066747
1047071.37658869	6.76676294036287
1064208.7882403	6.78374222057988
1081621.59609073	6.80016174430622
1099314.28923463	6.81655842082886
1117291.16158864	6.85718455687624
1135556.70224743	6.85718455687624
1154115.98583975	6.85718455687624
1172973.30628224	6.85718455687624
1192133.73820365	6.94689791007489
1211601.96587667	6.94689791007489
1231383.06393005	6.94689791007489
1251481.91181452	6.94689791007489
1271903.77933686	6.94689791007489
1292653.74112582	6.94689791007489
