NCBI-036_Strix_occidentalis
0	7374.14487100399
21.5492713344094	7374.14487100399
43.5522115390169	7374.14487100399
66.0088206138225	7374.14487100399
88.9397198711079	1714.18468434033
112.344909310873	816.804034371915
136.234699589259	476.018908408046
160.640022674688	265.86493103327
185.540257254879	164.847166478177
210.966335298254	103.05633050769
236.928567460954	67.7254297122707
263.426953742979	45.0640523979315
290.482115456611	30.9819955022616
318.094052601849	21.6760175663323
346.293697147117	15.413798318816
375.081049092414	11.1413379101231
404.466419093881	8.20622922982569
434.470428463801	6.10746405247895
465.103387858313	4.59473592101627
496.365297277418	3.50164450228654
528.297399345679	2.69166820955813
560.879072750815	2.08372381831346
594.151560117389	1.62886247308325
628.1148614454	1.28152882692883
662.799908703273	1.01458775357524
698.196391234865	0.807363177239495
734.335241008599	0.646572839350465
771.237079336758	0.520406378560558
808.90190621934	0.42137372659956
847.350342968629	0.343412771720245
886.613321553045	0.281892226080954
926.69084197259	0.233307063217897
967.603525539546	0.194930944778811
1009.38230422233	0.164641620173114
1052.01686736481	0.140722147212221
1095.55876824769	0.121897083127471
1139.99769621482	0.107071630252506
1185.37489389077	0.0955067788509103
1231.70067193168	0.0865250516664154
1278.98534099369	0.07970982576037
1327.27014370137	0.0746409908369351
1376.5550800547	0.0710704795548488
1426.87108202213	0.0687556493506963
1478.23877091592	0.0675024481712069
1530.68907870451	0.0672305118074181
1584.22200538788	0.0678072431893834
1638.88910424675	0.0691167845616555
1694.68006462498	0.0711389092525477
1751.6567504594	0.0738133247311316
1809.80885109388	0.0770784210204303
1869.17760915299	0.0809589971048873
1929.79395660514	0.0854402510906629
1991.67851476261	0.0905493843638186
2054.8519049377	0.0962969364927429
2119.34505909881	0.102756916946634
2185.18890921438	0.109962494367187
2252.40407659669	0.117975666215508
2321.02149321415	0.126833165987306
2391.08240169133	0.13655173299708
2462.60742334052	0.147207391631515
2535.61717947399	0.158679014350968
2610.16322337244	0.170983960444551
2686.26617634818	0.183933525140014
2763.94665971346	0.197273828834115
2843.26653740514	0.21089947584297
2924.23612007936	0.224508771021458
3006.89665036068	0.237766230608152
3091.28937087366	0.250260966429555
3177.44521358674	0.261839689763074
3265.40542112446	0.272144830251764
3355.20092545526	0.280925220681308
3446.86265854756	0.287929538843736
3540.4524843382	0.293150732527846
3635.99102413946	0.296502702759523
3733.52983123205	0.297951195941505
3833.11014824053	0.297615402192774
3934.77321778947	0.295579870550918
4038.54997184728	0.291940619583827
4144.50227435082	0.287009729011359
4252.67136792464	0.280829899584853
4363.09849519331	0.273627809521488
4475.83520943754	0.265629749554312
4590.92275328188	0.256956769726139
4708.42299066319	0.247835238266844
4828.37716420602	0.238381400416005
4950.83682719108	0.228703209252778
5075.85353289908	0.219044547289801
5203.48914526686	0.20942649366385
5333.78490691898	0.199963743677976
5466.80268179229	0.190715892391672
5602.60433382363	0.181792907801577
5741.25172694985	0.17319850975536
5882.78610379551	0.164954629854887
6027.27963895361	0.157138454939239
6174.79419636097	0.149742235325777
6325.39163995446	0.142774340671751
6479.14414432705	0.136232291078717
6636.10326275945	0.130124456203923
6796.34116984464	0.124451998499767
6959.93004017562	0.119170589781555
7126.93173768922	0.114307973913134
7297.43905829072	0.109820442684421
7471.49324460467	0.105701796349306
7649.19740319249	0.101940177893351
7830.60308733488	0.0985132682305586
8015.81340359326	0.095415177602122
8204.89021590445	0.0926131248504801
8397.9160095176	0.0900988178152099
8594.97326968183	0.0878717140185265
8796.1547923024	0.0859097268649099
9001.5327519723	0.0841961170398607
9211.21025525295	0.082723289854393
9425.26978739346	0.0814867504925766
9643.80414429911	0.0804724720288355
9866.89581121902	0.0796793695076002
10094.6582053707	0.0791041105653363
10327.1841226596	0.078733520741558
10564.5663589907	0.0785729473172861
10806.9080209256	0.0786256451592286
11054.3122150257	0.0788813846863027
11306.8923585085	0.0793479155811469
11564.7515579354	0.0800199680595671
11827.9929198678	0.0809102516010905
12096.7401721795	0.0820214785946406
12371.1067320879	0.0833559739450091
12651.2060168107	0.0849210998507025
12937.1617542215	0.0867197236942973
13229.0873615378	0.0887668798601122
13527.1168772895	0.0910676831386888
13831.3740293503	0.0936262408618255
14141.99285625	0.0964497602343763
14459.0970858624	0.0995625752598263
14782.8310673733	0.102958951173023
15113.3391499687	0.106644080261334
15450.7450615224	0.110647411318787
15795.2034618765	0.11495545989759
16146.869010873	0.119585507790026
16505.8757470418	0.124545072188257
16872.3886408811	0.12982880581126
17246.5623522331	0.135455462891022
17628.5515409399	0.14142295101323
18018.5314881559	0.147729177763572
18416.6568537232	0.15438437272313
18823.1029187961	0.161374663959982
19238.0449645291	0.168698036556641
19661.6582720766	0.17635937281317
20094.128433249	0.184343483351596
20535.6307292009	0.192651918108449
20986.3610623988	0.201250345989638
21446.5153353095	0.210137682039595
21916.2894503997	0.219323458367964
22395.8689994797	0.228741182697708
22885.4808169849	0.238427201040399
23385.3311160379	0.248323933254035
23895.6157991055	0.25842975190526
24416.5720112789	0.268684906940931
24948.416276337	0.279093893176978
25491.3651180589	0.289669652583409
26045.676302848	0.300330426008385
26611.5663544832	0.311075593477295
27189.2827287121	0.321898877747203
27779.0728812819	0.332733399056936
28381.18426794	0.343608683697349
28995.8849657462	0.354454209556429
29623.4327411038	0.365257809632435
30264.0956710727	0.376061642198919
30918.1521433685	0.386784335588178
31585.8702350509	0.397446426459202
32267.5489551481	0.40798793226837
32963.4666913759	0.418477437707033
33673.9327634184	0.428822489061312
34399.2564909599	0.439083301365309
35139.7265723723	0.4492501100189
35895.6729486521	0.459321365085557
36667.4255607959	0.469214919929311
37455.304039144	0.479064921556635
38259.6486353491	0.48878775089186
39080.7996010638	0.498462997175684
39919.117809253	0.508019053340527
40774.9538222256	0.517530548830197
41648.6788236026	0.526954860390183
42540.663997005	0.536367392432558
43451.2908367101	0.545757372898455
44380.9511476513	0.555142393567463
45330.0367347618	0.564516022202992
46298.9600242874	0.573895618094153
47288.1231318175	0.583354958219666
48297.9694155662	0.592830417685066
49328.9216124352	0.602414605197887
50381.4230806386	0.612005767425082
51455.9171783905	0.621761997892479
52552.8575745611	0.631578365897152
53672.7391806451	0.641484862710913
54816.0156655127	0.651575569480992
55983.1922513148	0.66172873869314
57174.7535388901	0.6719959057369
58391.2253717018	0.682426901071642
59633.1232825568	0.692974916614226
60900.9731149183	0.703624685489855
62195.3213335619	0.71436675308571
63516.714403263	0.725149739005897
64865.7297207654	0.736065476989683
66242.934372157	0.746975557705143
67648.9263754939	0.757895015536595
69084.3037488322	0.768861203954359
70549.6748208843	0.779700375073676
72045.678852331	0.790449184893426
73572.9447931967	0.801111973235888
75132.1222148184	0.811574664772621
76723.8916205014	0.821853146353035
78348.933513551	0.831763518008114
80007.9283972724	0.841435044444271
81701.5980175956	0.850693512795791
83430.6641204504	0.859478398041265
85195.8690730789	0.867778850625
86997.9655533794	0.875521558549234
88837.7268605625	0.882617555457276
90715.9366044949	0.889032122770906
92633.3990163555	0.894709230284645
94590.9389486357	0.899599667513739
96589.3915644829	0.903664763541822
98629.6023377005	0.906788350626139
100712.457984717	0.909047073127988
102838.84522196	0.910254163695778
105009.67138717	0.910445813347431
107225.8644394	0.909626826886182
109488.372959015	0.907710097879175
111798.166147691	0.904726935044269
114156.244139076	0.900607126256758
116563.596756158	0.895408251658648
119021.25506455	0.88908544058746
121530.291372493	0.881667676856262
124091.757366912	0.873115979561384
126706.756288015	0.863505675618071
129376.401686664	0.852850171977289
132101.848356347	0.841119864851359
134884.261401209	0.828411315285957
137724.816236049	0.814705924042751
140624.739828948	0.800068710959078
143585.269458644	0.7845309847528
146607.67333584	0.768138701041961
149693.240292556	0.750902941872737
152843.300403432	0.732910581187505
156059.194053768	0.714118530750795
159342.292560831	0.694685271572567
162694.00848451	0.674583369776279
166115.775006011	0.653846768971889
169609.056238505	0.632517859923431
173175.336916476	0.610631283712298
176816.163638345	0.588221138942101
180533.072691878	0.565310752157581
184327.662228776	0.541933059509954
188201.56133271	0.518059774657587
192156.419708662	0.493740883053501
196193.938614895	0.468934303920967
200315.839930985	0.403585492555029
204523.876468476	0.403585492555029
208819.862902849	0.403585492555029
213205.634530896	0.403585492555029
217683.067892035	0.259859955836215
222254.080768309	0.259859955836215
226920.611563072	0.259859955836215
231684.681164927	0.259859955836215
236548.320773135	0.259859955836215
241513.602829579	0.259859955836215
