APP-042_Struthio_camelus
0	0.0424752221806898
164.08683584933	0.0424752221806898
330.59860030727	0.0424752221806898
499.304347792049	0.0424752221806898
670.550496676325	0.137972224542664
844.221574169211	0.164488063095263
1020.31758027071	0.208046404629192
1198.83851498082	0.260741982198243
1380.01532388131	0.31249458085669
1563.7325341813	0.357921065748781
1750.10561867167	0.395833410127779
1939.01910456154	0.429571231999505
2130.70393743268	0.462438916320639
2325.16011728508	0.496428515936758
2522.27217132787	0.532614440908055
2722.15557235193	0.571475306475051
2925.04126593904	0.611957288179295
3130.69830650741	0.653616607952446
3339.24216684793	0.694230020806279
3550.7883197515	0.732419083177937
3765.452238009	0.767686969486894
3983.00297603865	0.797615663282282
4203.78695221312	0.823642197916532
4427.57322095063	0.844497787743765
4654.59272783295	0.860538326147957
4884.84547286009	0.872747567366242
5118.33145603205	0.881846799213532
5355.28162293059	0.888210521290765
5595.46502797394	0.892733019642883
5839.11261674388	0.89584857129127
6086.10891644952	0.899125640737947
6336.80034546352	0.902102635451526
6590.95595820411	0.906138996900949
6848.69122746217	0.911094188766624
7110.12162602859	0.91684271805331
7375.24715390337	0.923581335608436
7644.18328387739	0.931232449548509
7916.93001595066	0.938898210935976
8193.60282291406	0.948254762805052
8474.08623197671	0.957068963243595
8758.61118872038	0.967416395135023
9047.17769314506	0.977739678532099
9339.90121804165	0.988094632085702
9636.78176341014	0.998689882951957
9937.81932925053	1.00905314992165
10243.1293883537	1.01900589248735
10552.8274135106	1.02877059349868
10866.9134047211	1.03847947585912
11185.3873619853	1.04729961445201
11508.480230885	1.05558927792307
11836.1920114201	1.0634569365584
12168.5227035907	1.07167732156205
12505.4723073967	1.0790897216973
12847.3872412108	1.08634495868078
13194.0365594513	1.09371064533515
13545.6512076998	1.10083049239948
13902.2311859565	1.10769816584245
14263.8919670122	1.11474240040807
14630.7490236577	1.1216314512067
15002.8023558931	1.12915905153631
15380.1674365093	1.13655403308547
15762.8442655063	1.14405471378204
16150.9483156749	1.15130480436508
16544.5950598061	1.15890960070123
16943.7844978997	1.16664622406393
17348.6321027469	1.17467064997407
17759.3688199292	1.18216539251629
18175.8791766558	1.18933314069236
18598.2786457176	1.19657412610541
19026.6826999055	1.20359183691493
19461.2068120104	1.20995239197651
19901.8509820322	1.21654493093465
20348.8461555528	1.22161373948687
20802.0768597813	1.22649529823862
21261.7740402993	1.2304928637463
21728.0531698979	1.23374380531384
22201.0297213679	1.23659134826261
22680.5882219184	1.2379329752685
23167.0750899221	1.23874966942996
23660.3748525881	1.23802204758374
24160.7184554981	1.23669308864045
24668.2213714431	1.2337715167008
25182.883600423	1.23009579915883
25704.9360880196	1.22490703988877
26234.2633614421	1.21873373462766
26771.211839063	1.21125166014805
27315.7815208825	1.2033467890788
27868.0878796913	1.19375944094403
28428.2463882804	1.18312262299733
28996.3725194407	1.17182389877921
29572.5817459629	1.15965305762572
30156.9895406381	1.14684247931037
30749.5959034663	1.13286327221915
31350.74725282	1.11875540511705
31960.4435886992	1.10366813842433
32578.6849111041	1.0880155594376
33205.8176384072	1.07214881101736
33841.8417706085	1.0561435056623
34486.872780499	1.03967660777586
35141.1416136604	1.0226954657228
35804.6482700926	1.00581527229367
36477.6236953776	0.988884010737149
37160.0678895152	0.971756790087109
37852.3272708781	0.95471309947491
38554.2863666755	0.937639718090967
39266.4070680709	0.920773380355322
39988.4584294825	0.903996510811867
40720.9023420738	0.887122651414047
41463.7388058449	0.870637147310645
42217.0832935866	0.854295742419442
42981.1667508808	0.838164944069147
43756.1046505183	0.82240270716544
44542.01246529	0.806612758874771
45339.2366135685	0.791380997092899
46147.661622563	0.776250975688871
46967.5184378552	0.761344228888361
47799.1534778178	0.746831379659662
48642.5667424508	0.732620980425799
49497.989177336	0.718633064041542
50365.5362552642	0.705036274090398
51245.4389218173	0.691704325823216
52137.812649786	0.678729062693924
53042.8883847523	0.665986179338151
53960.7815995069	0.65357899964157
54891.7232396317	0.641431119351557
55835.9442507084	0.629617359212909
56793.5601055278	0.618125051163014
57764.8017496719	0.606934005477086
58749.9001287223	0.596001467443814
59748.8552426791	0.58539790316147
60762.1289827057	0.575064722840479
61789.7213488022	0.565001926480842
62831.9787593413	0.555254644055609
63889.0166871139	0.545788830146513
64961.0660777016	0.536576377489638
66048.4733494772	0.52766162430412
67151.2385024407	0.518979250892122
68269.5924821738	0.510537570669733
69403.9971798401	0.502374191947828
70554.3371226487	0.49446694561684
71721.189674554	0.486788120289805
72904.5548355561	0.479361864461077
74104.7790240275	0.472167988405869
75321.9777127593	0.465215993171139
76556.6127929148	0.458427890996439
77808.6842644942	0.451916506814397
79078.53854587	0.445599102341086
80366.522055415	0.439501409578684
81672.75026592	0.433605218187188
82997.5695957577	0.427928342629644
84341.2109905099	0.422450593181267
85703.9053957583	0.417150196609443
87085.9992298755	0.41206238596331
88487.7234384434	0.407158262225036
89909.4244398347	0.402454452226797
91351.2177068401	0.39790859713424
92813.6806034142	0.393584037260418
94296.8131295569	0.389394867305751
95800.9617036409	0.385386613120247
97326.5882168297	0.381588569598693
98873.8081419143	0.377938979935862
100443.083370058	0.374462388503063
102034.644846843	0.371139793206378
103648.838990642	0.367999697186682
105286.012219827	0.365002512748316
106946.39547998	0.362162887338675
108630.335189473	0.359491113758628
110338.293239472	0.356966210529478
112070.500575556	0.354592532297747
113827.303616099	0.35238789352648
115609.048779474	0.350283807502188
117416.082484052	0.34833965576836
119248.866620998	0.346526539307164
121107.747608685	0.344862272581647
122992.956392693	0.343316768943108
124904.954864188	0.341899529438505
126844.204914331	0.340600657143923
128810.937488705	0.339426090213712
130805.729951265	0.338371474001348
132828.813247591	0.337425328075091
134880.533796058	0.336581318403635
136961.584433409	0.335852904803504
139072.080632437	0.335222668688607
141212.599757095	0.334686255412424
143383.603698547	0.334236935066691
145585.438875166	0.333894501499238
147818.567178114	0.333627284553538
150083.335025766	0.333445972907418
152380.435254866	0.333350170683923
154710.098810995	0.333322855173918
157072.903058109	0.333370756285665
159469.19441458	0.333494665773079
161899.665717154	0.333692208374419
164364.663384202	0.333939235595333
166864.649306889	0.334251978391041
169400.085376378	0.334632020269371
171971.664429414	0.335068276675536
174579.73288437	0.335559559978668
177224.983577992	0.336095181500938
179907.762928652	0.336688205181915
182628.648300304	0.337334672252031
185388.101584112	0.338024685787373
188186.931089613	0.338760225172723
191025.483235178	0.339548020316343
193904.335384762	0.340374215524752
196824.180375111	0.341234060274472
199785.480097389	0.342141410258983
202788.811915549	0.343089139693067
205834.868666336	0.344076060945853
208924.227713707	0.345086338939079
212057.466421613	0.346142142782312
215235.277626803	0.347241097213815
218458.238693228	0.348368158909235
221726.926984844	0.349520952606834
225042.150811188	0.350705812337916
228404.487536213	0.351925905118136
231814.629996665	0.353180439193579
235273.155556499	0.354460309394244
238780.87252525	0.355773433259263
242338.473739663	0.357102392202546
245946.536563695	0.35847766874975
249605.98477967	0.359862446343913
253317.395751544	0.361295520926779
257081.462316063	0.36274443058791
260899.108255552	0.364224218651654
264771.026406758	0.365738843887579
268698.025079217	0.367285535156988
272680.681636883	0.368856374920749
276720.035334874	0.37044819616321
280816.779009936	0.372096231933506
284971.720971604	0.373762873920763
289185.785002206	0.375470687111505
293459.663938487	0.377207795197035
297794.281562774	0.379000326056488
302190.561657395	0.380805524978552
306649.312531885	0.382679210614107
311171.34249578	0.384586149914016
315757.690804199	0.386526342878278
320409.281239469	0.388529876155595
325126.922111126	0.390585269314226
329911.537201497	0.392689751215474
334764.281238491	0.394852031152385
339685.847058853	0.397071713248002
344677.504863283	0.399361861441893
349740.062961317	0.401704265394054
354874.445135282	0.404131387014925
360081.921585878	0.406618681933199
365363.416095432	0.409196632674533
370719.852446272	0.411861676346317
376152.500839096	0.414611833563769
381662.400529023	0.417470856944283
387250.475298381	0.420421723778728
392918.110820658	0.423492541331019
398666.115405393	0.426700728187249
404495.990198866	0.430045096716547
410408.658983404	0.438997458212941
416405.276486917	0.438997458212941
422487.228382895	0.438997458212941
428655.553926455	0.438997458212941
434911.523318298	0.460921124069062
441256.406759124	0.460921124069062
447691.474449632	0.460921124069062
454217.996590521	0.460921124069062
460837.243382493	0.460921124069062
467550.600499036	0.460921124069062
