B10K-DU-003-42_Syrrhaptes_paradoxus
0	7.17108953624096
212.479027027891	7.17108953624096
429.962913364791	7.17108953624096
652.451659010699	7.17108953624096
880.127258849579	7.24631901331142
1113.17170776539	7.21394096772608
1351.67600320013	7.14905691899759
1595.73114259576	7.04184044420538
1845.42812339428	6.94893966964224
2100.94894047964	6.82398851651094
2362.56658617779	6.72175879887813
2630.19006304676	6.58957864166324
2904.09236341247	6.48080156301179
3184.36448471693	6.36589567610088
3471.18842184409	6.26409527401249
3764.74616967791	6.17170872141063
4065.12872566038	6.0889823664907
4372.51808467547	6.02273503163231
4687.09624160712	5.95605240190436
5008.95419389734	5.90559885644746
5338.45593131404	5.85797233591259
5675.60145385722	5.81724834830915
6020.57275641086	5.78460482068799
6373.64283130089	5.75923334829136
6734.90267596929	5.73643896502628
7104.62528274202	5.71827616700781
7482.99264650304	5.70699318048527
7870.27775957829	5.70057975634957
8266.48062196777	5.69469370869043
8671.96522343941	5.69430385669188
9087.00455631916	5.69853243542465
9511.59862060701	5.70707091171198
9946.20240351289	5.71149082884894
10390.9069024788	5.72728342238542
10845.9851098306	5.74052762755098
11311.7100178943	5.75608702740734
11788.3546189958	5.77437539125356
12276.1009080192	5.79808939472382
12775.2218772902	5.81800891846584
13285.990519135	5.84407758017275
13808.6798258794	5.87287161827446
14343.6537872914	5.89652941608849
14891.0034008129	5.92848890891465
15451.1836536539	5.95899064227382
16024.4675381403	5.98937159326535
16611.128046598	6.02072239079315
17211.4381713531	6.05558544390301
17825.8528996153	6.08703310649794
18454.5542262687	6.11953671791103
19097.9061410812	6.15349689292608
19756.3636312627	6.1865302725458
20430.1086916972	6.21941895249734
21119.5963095946	6.24980707867902
21825.2814721647	6.28318127983122
22547.3461742916	6.31450816005849
23286.3364006272	6.34685511315315
24042.5251434973	6.37713082802237
24816.367390112	6.40814678334282
25608.318127681	6.43658325780169
26418.7413459724	6.46666763426671
27248.092032196	6.49499648087321
28096.8251735618	6.52314116426568
28965.3957572797	6.54984004684142
29854.1677731176	6.57805767800049
30763.7782031693	6.60312061722034
31694.5910372028	6.63040906125402
32647.1522598701	6.65413621923957
33621.9168583809	6.6795722683476
34619.4308173872	6.70291914125481
35640.3311189829	6.72718922196227
36684.9817529359	6.74928043659193
37754.01970134	6.77128315720964
38848.0819462892	6.79395675810708
39967.6234749933	6.81392650818019
41113.3722669883	6.83860198713155
42285.8743069259	6.85986566316305
43485.6755794581	6.88106595834816
44713.5950615628	6.90388904237387
45970.0877404498	6.92670495120943
47255.9725930969	6.94908556517544
48571.8866015981	6.97259627159124
49918.4667480473	6.99731719341359
51296.5320094222	7.02179535463561
52706.8103652587	7.04656889451912
54150.0297950927	7.07468966061105
55626.91827846	7.10145551162827
57138.2037948965	7.13192734836179
58684.887316264	7.16155251265673
60267.6968220983	7.19453447008032
61887.3602919353	7.22809163858153
63544.8786976368	7.26432036955135
65241.1620136227	7.30040081325791
66977.0292168707	7.34045033298656
68753.3902818006	7.38318337383407
70571.2461802744	7.42605393915961
72431.5978841537	7.47200983625283
74335.3553678584	7.52116467229123
76283.5196032503	7.57218864536565
78277.2735570752	7.62628957915256
80317.4362063109	7.68283246932305
82405.3725125871	7.74278835827842
84541.9924503237	7.80540145932208
86728.5699837084	7.87118121095522
88966.1060846029	7.94131989060899
91255.9657146371	8.01472328178438
93599.2408431147	8.09086639973488
95997.2964316655	8.17204410944583
98451.2244495932	8.25626051218844
100962.571853411	8.34409679836548
103532.521609866	8.43650128894273
106162.438680587	8.53389253667939
108853.870022088	8.63493476034115
111607.998601114	8.74080588697885
114426.553369063	8.85203448893408
117310.899287566	8.96808601454013
120262.583313135	9.08944957259271
123283.152402284	9.21595176266303
126374.335506411	9.34899653029189
129537.588584589	9.48713089947241
132774.822583097	9.63083082448503
136087.58445845	9.78084970029629
139477.694159489	9.93582184904621
142946.880637609	10.097260039993
146497.236833978	10.2658363492814
150130.40070255	10.4388624723324
153848.374187049	10.6189501783633
157653.250228641	10.8053436806776
161546.848776165	10.9972178324071
165531.444765671	11.1946802614042
169609.131138325	11.3984365280344
173781.90983785	11.6083227987891
178052.23779518	11.8228167374898
182422.20795148	12.0423225465156
186894.186240242	12.2662422933531
191470.629592399	12.4966412369028
196153.994938885	12.7301649757661
200946.648213191	12.9679890452637
205851.228341135	13.2092297011412
210870.283251092	13.4549333252967
216006.542866322	13.7017311659512
221262.737110085	13.9524610108119
226641.686903081	14.2045577293977
232146.304163454	14.4570718048776
237779.318814464	14.7118484569871
243543.915766579	14.966915704298
249443.188932828	15.2212367318325
255480.141228796	15.4746309639717
261658.048562393	15.7275002113644
267980.186841532	15.9763238473733
274450.013969008	16.2229279578935
281070.896850174	16.4664216234805
287846.293387825	16.7044788866582
294780.025474525	16.9376127735229
301875.551013069	17.1644109674787
309136.782893462	17.3844250191405
316567.634005709	17.5963299100595
324171.926242374	17.8004592865779
331953.845485788	17.9934013457758
339917.395623398	18.1771149145663
348066.853534977	18.3504435914689
356406.678095182	18.5116760936312
364941.237181229	18.6598114820261
373675.080665216	18.7963601341819
382612.849416685	18.9182283472755
391759.275302618	19.0258346740663
401119.363182325	19.1192305367503
410697.935920231	19.1981504532917
420500.180370528	19.2613423530081
430531.28338741	19.3091339029166
440796.613819954	19.3410921998777
451301.72251212	19.3585219326351
462052.069310428	19.3597333439067
473053.387053721	19.3466900440655
484311.59057573	19.3172466512545
495832.776705067	19.2739491621146
507622.860275461	19.2169841315899
519688.302105291	19.1459593159517
532035.472015499	19.0614989567437
544670.921821904	18.9645525707968
557601.476332658	18.855395207067
570833.869358466	18.7351701125194
584375.289697244	18.6037349792159
598232.835149468	18.4627245546472
612414.058502821	18.3128312446638
626926.330550105	18.1542093158538
641777.47707133	17.9878381816738
656975.414843948	17.8148407593834
672528.242640296	17.635736054404
688444.241227594	17.4513312756284
704731.782370504	17.2617914524301
721399.692820899	17.0684487784483
738456.79933065	16.8719251034968
755912.201643957	16.6731508105659
773775.181499901	16.4719644578771
792055.29362989	16.2691517287526
810762.183762775	16.0664430398854
829905.861617173	15.8628183184081
849496.609904029	15.6595284391382
869544.802331728	15.4572454782203
890061.085600982	15.2560160743905
911056.379404829	15.0567538685289
932541.967426075	14.8595031076415
954529.224344968	14.6649633727685
977029.888831523	14.4732028282164
1000055.97254808	14.2850119407677
1023619.66915187	14.1006346668877
1047733.53628988	13.9198509674115
1072410.49559888	13.7433747737598
1097663.74170794	13.5720336245308
1123506.56024361	13.4050011769913
1149952.87381451	13.2433561013949
1177016.60502925	13.0870995936068
1204712.31347855	12.9363524359946
1233054.74074802	12.791558294483
1262058.99241303	12.6524277697356
1291740.44704126	12.5196580510628
1322114.93818763	12.3931582527225
1353198.75439425	12.2731543932048
1385008.27520068	12.1597074616259
1417560.60812601	12.0528652925869
1450873.04268421	11.9529304399394
1484963.23237903	11.8598168014016
1519849.55869375	11.7737743127639
1555550.40311165	11.6947599228854
1592084.87509554	11.6230845566729
1629472.35710058	11.5582806309012
1667732.86856399	11.500886284832
1706886.79291278	11.4509122812507
1746954.96856117	11.4080166027596
1787958.68891057	11.3727027085348
1829919.8843445	11.3446381480991
1872860.84923626	11.3240202391818
1916804.51494121	11.3109398675248
1961774.26780195	11.3052320037546
2007793.94914828	11.3067961952089
2054888.31028442	11.3161251382786
2103082.28450946	11.3328170223148
2152401.53310206	11.3571648342489
2202872.44532038	11.3886890322055
2254521.86540981	11.4280090742682
2307377.18360038	11.4748511073458
2361466.791094	11.5290883697458
2416819.35208488	11.5911968157483
2473464.34974424	11.6607411504841
2531432.08622024	11.7380657830805
2590753.22765084	11.8232185481387
2651459.62314074	11.916218579499
2713583.48578438	12.0169271568184
2777157.93865066	12.1259039449292
2842216.832788	12.2429743475376
2908794.83822178	12.368336878238
2976927.53495182	12.5021565664038
3046650.95796515	12.644470483851
3118002.50721042	12.7959530984544
3191020.12862093	12.9563269695278
3265742.67810443	13.3541171201249
3342210.01254048	13.3541171201249
3420462.8987831	13.3541171201249
3500542.92266328	13.3541171201249
3582492.76198131	14.3023125201023
3666356.18650677	14.3023125201023
3752177.78498625	14.3023125201023
3840003.32913305	14.3023125201023
3929879.59163235	14.3023125201023
4021854.52813609	14.3023125201023
