APP-043_Tauraco_erythrolophus
0	0.504231041829875
549.679815007671	0.504231041829875
1107.86173878816	0.504231041829875
1674.17611443829	0.504231041829875
2248.62294195808	0.598367039241024
2831.94153515385	0.672391708192051
3423.76223712243	0.752983735505656
4024.45470476699	0.837008085914106
4634.01893808754	0.923437765105558
5252.82459398723	1.01194073732505
5880.87167246607	1.10221199298374
6518.16017352405	1.19456040255134
7164.69009716119	1.29017125645544
7821.2007571838	1.38943450366406
8487.32249668872	1.49278256283483
9163.42497257913	1.60084861843068
9849.13852795184	1.71459016890777
10545.5721335164	1.8332736469005
11252.3561323695	1.95653999048781
11969.4905245114	2.0849451665152
12696.9753099418	2.21686760501662
13435.9194593704	2.3520022964032
14185.5836589908	2.49129129560761
14946.3375657062	2.62985831008904
15718.1811795166	2.76990404194428
16501.8538142283	2.91176438780918
17296.9858129381	3.05234678210558
18103.9468325492	3.19141957198118
18923.1065299648	3.32922985381177
19754.4649051849	3.46543400919979
20598.0219582095	3.59894326973943
21454.1473459416	3.72773453385398
22322.8410683815	3.85121322588923
23204.8424393353	3.97137928213665
24099.7818018999	4.08482354478663
25007.6591560753	4.19066187211957
25929.583472571	4.29193277738142
26864.8154375807	4.38268664314905
27814.4640218139	4.46553342489167
28777.7899114642	4.53977816405238
29755.5324203379	4.60608879302196
30748.0612053383	4.6621178962305
31755.0066095622	4.71251783512826
32777.1079468159	4.75184862856717
33814.3652170993	4.78481282944882
34867.1480773158	4.81026375615435
35935.4565274652	4.82930948149391
37019.6602244507	4.8416372741169
38120.1288251756	4.84937834026444
39236.8623296397	4.85210026127892
40370.2303947463	4.84913124388866
41520.2330204954	4.84603867831052
42687.6095206932	4.83772620179398
43872.3598953399	4.82740220634334
45074.4841444354	4.81618634741137
46294.7215817859	4.80330258794287
47533.0722073917	4.78982039193927
48789.9056781557	4.77713353739522
50065.221994078	4.76384052455433
51359.7604689649	4.75198762027854
52673.5211028165	4.74232769633782
54006.5038956326	4.73281834675109
55359.4481612198	4.72615446636672
56732.7235564811	4.72130906087287
58126.3300814164	4.7176219196405
59540.6373929291	4.71737482326472
60976.0151479222	4.71995003080607
62432.4633463958	4.72539001195415
63910.7213021562	4.73483372656606
65411.1586721065	4.74637389949125
66933.7754562468	4.76048155819604
68479.3109683834	4.77928404804069
70047.3955516131	4.80088181563638
71639.1381766454	4.8258038016625
73254.1691865771	4.85462141648806
74893.5975521178	4.8868945196937
76557.0536163643	4.92245709340193
78245.6463500261	4.96072614460115
79959.0060961999	5.00346609584967
81698.2418255954	5.0494260217451
83462.9838813094	5.09760595414169
85253.9715771481	5.14890547828253
87071.9442269179	5.20335934209545
88916.5321737157	5.25985175100858
90788.8443882509	5.31840973118802
92688.8808705235	5.38063940907633
94617.38093434	5.44305440924648
96574.3445797001	5.50873957551487
98560.5111204105	5.57527799645588
100576.250213374	5.64267739383126
102621.931515494	5.71241648501482
104697.924683674	5.78257641221338
106804.599374816	5.85351237646714
108943.064559631	5.9243518186991
111113.320238118	5.99742285007485
113315.366410277	6.06955182651792
115550.681703721	6.14300122421908
117818.896461547	6.21562825429459
120121.119654464	6.28884213826259
122457.351282472	6.36124523724755
124828.330659378	6.43569460309445
127234.797098988	6.50727919533463
129676.750601302	6.58004907800239
132155.300137029	6.65185760133313
134670.815363073	6.72376650756652
137223.296279434	6.79498045524303
139814.221513723	6.86514810420334
142443.221409039	6.93537366637672
145111.774592994	7.00556834150313
147819.511408684	7.0741105596165
150567.910483722	7.14253309042284
153356.971818109	7.20997109660693
156187.804382553	7.27660990045061
159060.408177055	7.34233753640858
161975.892172324	7.40725438738353
164934.995682167	7.47193958550617
167937.718706584	7.53493371780706
170985.170216283	7.59663831589684
174078.089525072	7.65764023366799
177216.846289854	7.71782364469436
180402.179824434	7.77601484119099
183635.199099523	7.83303619078353
186916.273772024	7.88803057791848
190245.773498839	7.94292458215077
193625.176907581	7.99545958817052
197054.853655154	8.04543869105328
200535.173398461	8.09489271413749
204067.614765114	8.14206881750747
207652.547412017	8.18716390608766
211290.710652976	8.22942124722723
214982.843801796	8.26954738212569
218730.055829189	8.30839170457477
222533.08604896	8.34355660755323
226392.673774915	8.37719646258741
230309.55832086	8.40709126317614
234284.479000603	8.43420236865646
238318.914441756	8.45927492903657
242413.234301221	8.48096535777318
246568.177892806	8.49835476521883
250785.223844122	8.51415348974538
255065.111468977	8.52605272459163
259408.210424273	8.53468951510137
263816.368994526	8.5396739123066
268289.587179736	8.54212557166006
272829.71326442	8.54037273174436
277437.116905479	8.53582461407762
282113.276730528	8.52697161423906
286858.932053371	8.51455502135602
291675.19184472	8.4995130294803
296562.795418379	8.48034761683372
301523.591058865	8.45830198705693
306557.948423081	8.43189356189525
311666.976481737	8.40265125017381
316852.153862445	8.36976812779046
322114.589535914	8.3338426312803
327455.022815952	8.29427246322736
332874.93233017	8.25198037415995
338375.427049278	8.20647603220736
343957.98560089	8.15735790575897
349623.34729881	8.10637497384961
355372.990770652	8.05229175460035
361208.394644029	7.99469513375795
367130.298232746	7.93541130797466
373140.180164417	7.87293067282969
379239.888723558	7.80880144155255
385429.79356707	7.74205453304447
391712.112636374	7.67321888798486
398087.95490218	7.60290066467056
404558.429335195	7.53025046930982
411125.014563034	7.45666207989729
417789.558870212	7.38113552828721
424552.801570535	7.30427697277643
431416.960605422	7.22637597943033
438383.144945583	7.1473630523932
445453.202875534	7.06771308001227
452627.873709081	6.98724074000568
459909.745044546	6.90632053781799
467299.556195735	6.82536172682159
474799.525104067	6.74375042695788
482410.760740253	6.66211210092807
490135.48104571	6.58099499381593
497975.164648053	6.49993966079774
505930.920517989	6.41922794617711
514005.336253841	6.33890618052452
522199.890483222	6.25945311306803
530516.431490649	6.18050196012485
538956.437903732	6.102593245017
547522.127663892	6.02582735064715
556214.979398741	5.94968691897849
565037.580706601	5.87500976116016
573991.040558182	5.8015333372929
583077.576894903	5.72925378649583
592299.407658182	5.65850700540479
601658.381132536	5.58903045412049
611156.715259383	5.52124882953883
620795.888666337	5.45487256559442
630578.858608622	5.39009084544999
640507.103713851	5.32697702584208
650583.211580347	5.26529173215666
660809.030492625	5.20557548771575
671186.778392104	5.14753486557311
681719.042877106	5.0911891701331
692408.041889051	5.03648820994439
703255.993369357	4.98357483759923
714265.115259443	4.93227917433926
725437.995157632	4.88293711680032
736777.220662246	4.83517029865699
748285.009714703	4.78917562483371
759963.949913326	4.74488746035569
771816.259199534	4.70226719641418
783845.264485455	4.66112951072737
796053.183712508	4.62180643905021
808442.604479016	4.58410493733912
821016.114383301	4.54800184030887
833776.670680587	4.51359366998124
846727.230626101	4.48049433826909
859870.381818164	4.44907448973607
873208.711855098	4.41904069743596
886745.547649033	4.39051650955664
900483.846455193	4.36362547428601
914426.565528804	4.33789656415772
928576.292468188	4.31359231907105
942936.723842376	4.29064710405118
957510.816906594	4.269184467286
972301.528916067	4.24877971187964
987312.186782925	4.22976873446792
1002546.11741929	4.21197007364988
1018006.6477373	4.19537986854465
1033697.10464908	4.1800019800331
1049620.81506676	4.16563950319078
1065781.47555937	4.15241598620558
1082182.41303903	4.14031212467314
1098827.32407478	4.12921981392906
1115719.90523566	4.11926260216122
1132863.85309069	4.11025130620693
1150262.49455199	4.10209712580613
1167919.89584552	4.09477303479272
1185840.12319719	4.08877708679914
1204026.50351915	4.08350698440941
1222483.84235113	4.07901291907488
1241215.46660525	4.07537596929384
1260225.44250746	4.07256524801932
1279518.57559749	4.07048423322953
1299098.56244438	4.06919083813755
1318969.46927407	4.0686812018625
1339136.10162628	4.06886266326347
1359602.89538387	4.06981243995788
1380373.54711585	4.07144173168569
1401453.60167579	4.07363471202075
1422847.12528961	4.07659600764926
1444558.55384016	4.08014029628939
1466593.06252407	4.08443745669947
1488955.45688109	4.08930602747854
1511650.17279406	4.09481550448231
1534682.38545962	4.10096974859162
1558057.27007441	4.11952128117962
1581780.00183508	4.11952128117962
1605855.38628137	4.11952128117962
1630288.59860992	4.11952128117962
1655085.55333119	4.17105631905363
1680251.42564183	4.17105631905363
1705791.39073846	4.17105631905363
1731710.99347465	4.17105631905363
1758016.14836083	4.17105631905363
1784712.76990747	4.17105631905363
