B10K-DU-012-37_Upupa_epops
0	9.75598047086633
835.944118981017	9.75598047086633
1683.96170873136	9.75598047086633
2544.62769643052	9.75598047086633
3417.9420820785	26.8208401981275
4303.32993849581	43.1663752278188
5201.94112004143	53.134738915164
6113.77562671536	52.392819270734
7038.8334585176	45.0622734679664
7977.11461544814	36.4461250903924
8929.1940246865	29.3585533001607
9895.07168623265	24.4171881264624
10874.7476000866	21.1787763616359
11868.7966934279	19.2188300928697
12877.2189662564	18.0982971247074
13900.5893457517	17.5014052414018
14938.9078319138	17.2198561886181
15992.1744247427	17.109260480567
17060.9640514179	17.1223045074137
18144.7017847599	17.2194384083988
19244.5374791276	17.3979234020847
20360.4711345211	17.6529898309678
21492.5027509404	17.9524686181628
22641.2072555649	18.2507404847242
23806.5846483947	18.4902213904266
24988.6349294298	18.6574379231977
26187.9330258496	18.7486184560579
27405.0538648336	18.7528542832813
28639.4225192024	18.7004344707664
29891.6139161355	18.6258258866047
31162.7779099918	18.5243865283597
32451.7646464123	18.4438245760731
33759.723979756	18.3631813887439
35086.655910023	18.288793299698
36432.5604372132	18.2178867124794
37798.5874156856	18.1253367889004
39184.1619182608	17.9978325869741
40589.8588721181	17.8564952177868
42016.2532044372	17.6891278199365
43463.3449152179	17.5000010356648
44931.1340044604	17.2988166500641
46420.7703265235	17.098734740042
47931.6789542279	16.9056042286688
49464.4348147529	16.7326896379068
51020.1877624576	16.5771709512758
52597.787942983	16.4502818146723
54198.9601378675	16.3395352415419
55823.1294199318	16.2577663686219
57470.8707163551	16.1930568546562
59142.1840271377	16.1512092026905
60838.2192066384	16.134126633724
62558.9762548572	16.1368189951372
64305.0300989737	16.1612127179413
66075.8058118083	16.2018418442674
67872.45324772	16.2642419620209
69695.5473338884	16.3354618844039
71545.0880703134	16.4186581730732
73421.6503841745	16.5134826778461
75325.2342754717	16.6167904420718
77256.4146713845	16.7221406873697
79215.7664990924	16.8329220755183
81203.8646857749	16.9458503897938
83220.709231432	17.0618656356896
85266.8750632432	17.1734477692585
87342.9371083879	17.2796567850071
89448.8953668662	17.377138836175
91585.3247658576	17.4656618226403
93753.375159721	17.5440536387878
95952.471621277	17.6050379457981
98183.7640048845	17.661902475646
100447.827237723	17.7065353290736
102744.086392613	17.7391221861783
105074.266251093	17.7644443094697
107438.366813163	17.7840683747703
109836.388078823	17.7959286909957
112270.054829612	17.8003501983166
114738.21721117	17.8005010633957
117242.600005036	17.7990968576587
119783.77813839	17.7897664327612
122361.751611231	17.7762466006647
124977.095350739	17.7613805878616
127630.384284093	17.7428241831214
130322.193338474	17.7184072503051
133053.09744106	17.6942108126045
135823.67151903	17.6677281887039
138635.065426745	17.6364062772632
141486.704237024	17.6051656008651
144380.312731406	17.5750157950396
147315.890909891	17.5443205539279
150294.013699658	17.5156677938882
153315.256027888	17.4884076345794
156380.767748938	17.4640835418118
159491.123789988	17.4438908312128
162646.324151039	17.4257173916736
165847.518686449	17.4119190394309
169094.707396218	17.4009174936563
172389.615061886	17.394534740306
175732.81661063	17.3908675583811
179123.737115273	17.3885117421446
182564.676284531	17.3892544625344
186055.634118405	17.3930725095385
189597.185544074	17.3962638862136
193189.905488718	17.4058960412695
196834.943806696	17.4155398013315
200533.450352366	17.4283401230503
204285.425125729	17.4427535406158
208092.017981144	17.4620526657458
211953.803845791	17.4830693317774
215871.932574027	17.5078112047643
219846.979093033	17.5382279257299
223880.093257168	17.5728804739188
227971.275066431	17.6094826631311
232122.824229541	17.6536165012968
236334.165819318	17.7006980110096
240606.449690121	17.7526188082626
244941.400623489	17.8100403784029
249339.018619422	17.8719879009188
253801.028459457	17.9399120015719
258327.430143596	18.0106329086929
262919.948453376	18.0845451924891
267579.158315977	18.1660471502691
272306.209585758	18.249696034176
277101.677189899	18.3372674101418
281967.285909938	18.4271713923319
286903.035745875	18.52061490138
291911.226406427	18.6176211472981
296991.857891596	18.7172153095746
302146.654982919	18.8177958973688
307376.192607576	18.9203377311925
312682.195547106	19.0241445106802
318064.663801507	19.1313863719709
323525.8970795	19.2368758773418
329066.470308262	19.3427483479138
334687.533342153	19.449920579168
340390.236035531	19.5549690943074
346175.728242757	19.6593329140875
352045.734745368	19.7617586978503
358000.830470543	19.8605753247186
364042.740199822	19.9589741713677
370172.613787563	20.0508510045934
376391.026160946	20.139791771278
382700.277028689	20.2243110306417
389101.51624515	20.3027492668136
395595.318737509	20.3749672197204
402183.984214485	20.4404774791064
408868.087603256	20.4968197836802
415649.928612541	20.5453171041362
422530.082169519	20.5859810454805
429509.698128549	20.616130851306
436591.651125528	20.6353255313812
443775.941160457	20.6450969465102
451065.442869233	20.6426018702005
458460.156251856	20.629209693171
465962.955944224	20.6032144795263
473574.416873515	20.5648135143698
481296.838748448	20.5138559326224
489131.946350562	20.4500632141379
497080.314607036	20.3739923992087
505144.818153767	20.2842973071282
513326.031917934	20.1820572034629
521626.255608257	20.0686530839376
530047.788933452	19.9407659168103
538591.2068207	19.8024922692311
547258.808978717	19.6515923750245
556052.895116223	19.4897605650798
564974.615087576	19.318273390067
574026.268601495	19.1360747944319
583209.005512337	18.9441163886738
592525.700456001	18.7430712631462
601978.078214025	18.5337865832937
611567.288640768	18.3171211195671
621296.206372128	18.0930052419298
631167.131116822	17.8630404412224
641180.637802029	17.6278417827677
651340.750918008	17.3881751969679
661648.045391936	17.1445396990848
672104.820932532	16.8973066493134
682714.527102873	16.6481471685308
693477.738830138	16.3966086614995
704397.905677405	16.1445943492184
715476.752426211	15.89165163645
726716.578785275	15.6387785537182
738120.259390494	15.3867178214128
749689.519023407	15.135887219753
761426.657392731	14.8873428042933
773335.124061544	14.6408756849239
785416.068884204	14.3969500618885
797673.516350968	14.156308655577
810108.616316195	13.9192996161721
822724.243415783	13.6859229436739
835523.847212808	13.4568053084111
848509.727415988	13.2326430107494
861684.183734042	13.0126933302989
875050.090802866	12.7977918274982
888610.323258359	12.5879733173655
902367.755736417	12.3839224952602
916325.262872939	12.1845949106341
930486.294231	11.991476004267
944852.57459214	11.80346330058
959428.128446615	11.6215548300972
974215.255503143	11.4454372576539
989217.405324801	11.2748900881345
1004438.02747467	11.1101454216609
1019879.99658864	10.951342518306
1035546.18730261	10.7982492779481
1051440.62410684	10.6511906407578
1067565.60671004	10.5098300615583
1083925.73452966	10.3741443303375
1100523.30727441	10.2441682621137
1117362.34943454	10.1197161767894
1134446.31057314	10.0009853594682
1151778.64025328	9.88766247498556
1169362.78803803	9.7797939433659
1187202.77841766	9.67720568951783
1205302.06095524	9.57983968841089
1223664.66014103	9.48752186495372
1242294.60046528	9.40043789924377
1261195.33149107	9.31821643108613
1280370.30278148	9.24104314057824
1299824.68868112	9.16839580244601
1319561.93875307	9.10055293683562
1339586.07748759	9.03734046865571
1359901.12937493	8.97836382769916
1380512.26875971	8.92384350908171
1401422.37027783	8.873733092779
1422637.18320107	8.82768442860828
1444160.15709253	8.78589480167311
1465995.89136962	8.74784198669938
1488149.56037698	8.71386252886373
1510624.61367767	8.68361988298951
1533427.37547067	8.65682392392444
1556561.29531906	8.63383440685736
1580031.54756746	8.61419873655069
1603843.30656047	8.59807938308972
1628001.17171553	8.58531387638917
1652510.31737726	8.57560048629066
1677375.91789028	8.56904365784901
1702603.1475992	8.56562018105205
1728197.18084864	8.5651443758023
1754163.76691038	8.56760463709368
1780507.50520187	8.57252515967643
1807234.14499491	8.58057903390387
1834350.01048845	8.59066378419731
1861859.70109996	8.60360336598923
1889769.54102838	8.61887555400553
1918085.27954553	8.63664281833148
1946812.6659232	8.65682392392444
1975957.44943317	8.67886183049203
2005526.52920161	8.70310468821699
2035525.65450031	8.7295641021054
2065960.57460107	8.75786871196236
2096838.18863003	8.78815777786094
2128165.39571336	8.8200947546245
2159947.37019566	8.85376087729568
2192191.58613028	8.87185308179219
2224904.94264336	8.92503882470913
2258093.76393388	8.92503882470913
2291765.52405517	8.92503882470913
2325926.54720622	8.92503882470913
2360584.88236752	9.05175388622124
2395746.85373805	9.05175388622124
2431419.93537116	9.05175388622124
2467612.17624734	9.05175388622124
2504329.90056559	9.05175388622124
2541582.30716075	9.05175388622124
