NCBI-035_Uria_lomvia
0	0.441214860604966
3157.15061925311	0.441214860604966
6353.02344561072	0.441214860604966
9585.03699859918	0.441214860604966
12860.9357196394	2.94500864397784
16172.9751673105	4.32885381931824
19528.8997830334	4.97349518818422
22923.5466058607	4.95595996888311
26362.0785967398	4.78470963992021
29839.3327947234	4.72827158349005
33360.4721607588	4.75880102904617
36925.4966948459	4.81589777897313
40534.4063969848	4.96359482532326
44187.2012671754	5.17903749979858
47883.8813054178	5.36199460863638
51627.0279921856	5.53531083993014
55414.0598470051	5.73285900774246
59247.5583503501	5.91257255011875
63130.1049826941	6.05999015074297
67056.5367830898	6.18253708176082
71034.5981929582	6.28488407887688
75059.126251352	6.35015461628683
79135.2839192184	6.36993538159976
83257.9082356103	6.34262954209614
87432.1621614748	6.27843686677186
91658.0456968119	6.19971301370005
95935.5588416217	6.11773561396223
100267.283076378	6.02882197209904
104648.055440133	5.92154475396149
109085.620374308	5.79767045574555
113574.814917956	5.66193967458724
118120.802032023	5.52076968197811
122723.581716511	5.38392111791615
127380.572490945	5.25693299589715
132094.355835799	5.14422654651327
136864.931751072	5.05173001123569
141697.463197713	4.98100030196592
146586.787214774	4.93467219269115
151535.485282728	4.91358402058912
156543.557401576	4.91814497404422
161616.166532265	4.94747679506071
166748.149713847	5.0018788897735
171944.669907271	5.07867656337741
177203.145632061	5.17788977628144
182526.158368692	5.29914926091919
187916.289597638	5.43995996616643
193370.957838424	5.59971309954886
198890.163091051	5.77434671783621
204479.068316467	5.96479896025121
210137.67351467	6.16690808151862
215863.397205188	6.38300944949074
221658.820868494	6.6064662281771
227526.525985062	6.83903493356916
233466.512554891	7.07858978210907
239476.199097509	7.3242525158011
245560.748573862	7.57455604458422
251720.16098395	7.82648634670033
257957.017808247	8.08009332317192
264266.156085806	8.33566639992942
270655.320258048	8.58713761263867
277121.928844498	8.83747108203527
283665.981845158	9.08419171740398
290292.642220974	9.3263114784996
296999.328491472	9.56606593112946
303786.040656653	9.79955281533523
310657.941677464	10.0301154996234
317615.031553905	10.2565164386364
324654.728805502	10.4780470378548
331782.196393203	10.6943180693034
338994.852836533	10.9040720272154
346297.861096441	11.1068797627976
353688.639692452	11.3008450371956
361169.77010504	11.491546784723
368741.252334206	11.6731964867717
376408.249340896	11.8433988942624
384168.179644636	12.0064953961513
392021.043245428	12.1595418321118
399972.003104217	12.3013106369907
408021.059221005	12.4346661294788
416165.630115317	12.5548677124398
424410.878748101	12.6675442212102
432756.805119356	12.7693522872835
441205.990709557	12.8642440716403
449758.435518703	12.951421157921
458414.139546794	13.0290671489072
467175.684274304	13.1036192764993
476045.651181707	13.1691992002486
485024.040269002	13.2320046271478
494110.851536191	13.2913768637001
503311.247944218	13.3443917099878
512622.648012612	13.3964783972573
522047.633221846	13.4472177569197
531586.20357192	13.4965099869301
541243.522023781	13.5419897788226
551019.588577429	13.5896452552955
560914.403232864	13.6377997419932
570927.965990087	13.6845570000613
581068.021290517	13.7315837236509
591329.406173208	13.7808559932522
601717.283599107	13.8296991140602
612231.653568214	13.8799893645203
622875.097561003	13.9326449234461
633647.615577473	13.9844022639672
644551.789098099	14.0367983375761
655590.199603353	14.0897333422279
666762.847093237	14.1433869216034
678074.894528696	14.1970704415924
689521.178948785	14.2500054462441
701109.444794923	14.304128095231
712839.692067111	14.3529412754255
724714.502245823	14.4034910112025
736731.293850584	14.4505077545875
748897.811322816	14.4949995062349
761211.473182046	14.5377048012772
773677.442389219	14.5779150451954
786293.137463864	14.6135942762719
799066.302847399	14.6453313265722
811994.357059353	14.671978472579
825079.881580199	14.6942742494252
838325.457890409	14.7125979048815
851733.667470459	14.7233166445112
865304.510320348	14.73068203543
879043.149401022	14.7311910258593
892947.003232009	14.7245541898689
907023.81625473	14.714314500055
921271.00698871	14.6950726657849
935693.738394898	14.6705712637449
950292.010473292	14.6379260148355
965068.404704367	14.5997916534527
980025.502568596	14.5545014854456
995165.885546454	14.5019557087692
1010492.13511841	14.4430226012148
1026006.83276495	14.3761851716989
1041707.39700558	14.3027408468059
1057604.15376221	14.2229391316484
1073691.94007389	14.1362510753881
1089978.50038205	14.042117786573
1106463.83468667	13.9422758207857
1123150.52446823	13.8353678702145
1140041.15120721	13.7232003518734
1157138.29638408	13.6037971852721
1174444.54147932	13.4790446290604
1191962.46797339	13.3481442668787
1209694.65734677	13.2121540004034
1227643.69107994	13.0704650371605
1245812.15065337	12.9247939723232
1264202.61754753	12.7747415977118
1282817.6732429	12.6190703679686
1301659.89921995	12.4602653540134
1320734.45843962	12.297338515601
1340041.35090192	12.1315373782934
1359583.15808732	11.9623429714569
1379365.04295677	11.7910028206535
1399389.58699074	11.6170678166809
1419659.37166971	11.4417854851013
1440174.39699367	11.2646069146672
1460942.40740405	11.0858614521271
1481963.40290084	10.9065870387487
1503242.546445	10.7269832786218
1524779.83803652	10.5467008645892
1546580.44063635	10.3665980942375
1568649.51720544	10.1873336610636
1590989.64922426	10.0080492674807
1613600.83669281	9.83048146907123
1636488.24257204	9.65396159213395
1659654.44834242	9.47881898341726
1683107.19844538	9.30504366271664
1706843.91140043	9.13391309620771
1730872.33164901	8.96500811530159
1755195.04067158	8.79815905652185
1779814.61994861	8.63368528641237
1804733.65096059	8.47207583499351
1829959.87814893	8.31336064287877
1855493.30151364	8.15778921518056
1881339.08401565	8.00508210617297
1907502.38861592	7.85543891994593
1933983.21531445	7.70920896365685
1960789.30855265	7.5664720789417
1987923.24981101	7.42685899823409
2015387.62056999	7.29092861298584
2043187.58379054	7.15840147747105
2071328.30243362	7.02947719577966
2099814.93946015	6.90378650034527
2128647.49487016	6.78178848057474
2157833.71310506	6.66319371053767
2187376.17564531	6.54822175473299
2217280.04545188	6.43650334559431
2247550.4854857	6.328447671506
2278190.07722725	6.22377528674216
2309206.56511795	6.12228658721283
2340599.9491578	6.02433088007542
2372377.97378822	5.92963869980851
2404543.22048968	5.8381801057986
2437103.43370362	5.74987525640973
2470061.19491049	5.66464431000591
2503421.66707125	5.58245732597366
2537190.01314684	5.50335422513096
2571371.39609821	5.42711544297888
2605970.97888632	5.35382082115339
2640993.92447209	5.28325079515557
2676445.3958165	5.21550516703038
2712330.55588047	5.15037435248339
2748654.56762496	5.0878284109011
2785420.01253044	5.02786734228352
2822637.2165188	4.97033146335869
2860311.342551	4.91536049698958
2898442.39062704	4.86261511622328
2937043.26814927	4.81218514290027
2976113.97511771	4.76396079477109
3015662.25597376	4.71784226979075
3055695.85515886	4.67383954816377
3096217.35415348	4.63186280804966
3137234.49739903	4.59189208903944
3178755.02933695	4.55376770786115
3220781.53144769	4.5174996447193
3263321.74817269	4.48306793920487
3306383.42395336	4.45031290804593
3349969.14027018	4.41931439287846
3394089.22304504	4.38992269063499
3438751.41671936	4.36209788049753
3483955.72129315	4.33575014062563
3529715.04416877	4.31088945122376
3576034.54830716	4.28750583208745
3622919.39666929	4.26541963953573
3670377.33369655	4.24473067561359
3718416.10383039	4.22529921745805
3767040.87003174	4.20714522547813
3816261.9582225	4.19013895701536
3866084.53136362	4.17433031309221
3916516.33389651	4.15957957084574
3967565.1102626	4.14590669068494
4019236.02342284	4.13330169240532
4071539.39929912	4.12172465518887
4124485.56381333	4.11104583637715
4178077.09844595	4.10133509740163
4232321.7476384	4.09240281437688
4287232.41879304	4.08441865077933
4342814.27487084	4.07693349740663
4399075.06031319	4.07000723548576
4456025.10104201	4.0633703994953
4513669.56001823	4.05770164334104
4572018.76316376	4.05174346125637
4631083.03640048	4.04666353716743
4690870.12416982	4.04035604792537
4751387.7709132	4.03511644056448
4812643.72107203	4.0295075656372
4874650.8820487	4.01944751950429
4937414.41680414	4.01641353733722
5000947.23274072	4.01365900089607
5065254.49281939	4.0112637518168
5130351.68592299	4.00903816621399
5196241.393532	4.00719182838205
5262939.10452925	4.0054253321861
5330452.56335618	4.00374865783061
5398789.51445419	4.00219174592909
5467962.86522566	3.99836932760676
5537982.94159248	3.99836932760676
5608857.48799607	3.99836932760676
5680601.99331928	3.99836932760676
5753221.62052304	3.98724139959268
5826729.27700974	3.98724139959268
5901135.28870127	3.98724139959268
5976452.56299998	3.98724139959268
6052688.84434731	3.98724139959268
6129859.62162609	3.98724139959268
